Performance Statistics:------------------------------------------------------------------------
Training Accuracy	Testing Accuracy	Training Coverage	Testing Coverage
0.84375	NA	1.0	NA

Population Characterization:------------------------------------------------------------------------
MacroPopSize	MicroPopSize	Generality
148	351	0.21

SpecificitySum:------------------------------------------------------------------------
A_0	A_1	R_0	R_1	R_2	R_3
142	182	192	113	178	200

AccuracySum:------------------------------------------------------------------------
A_0	A_1	R_0	R_1	R_2	R_3
104.09463726360931	134.65794575168232	129.5885168457244	80.9555908875627	130.12106258169936	145.78632718081332

Run Time(in minutes):------------------------------------------------------------------------
Global Time	0.004829788208007812
Matching Time	0.0021703600883483886
Deletion Time	1.6641616821289062e-05
Subsumption Time	0.000807809829711914
Selection Time	6.666183471679688e-05
Evaluation Time	0.0005437652269999186

CorrectTrackerSave:------------------------------------------------------------------------
1	1	0	1	0	1	1	1	1	1	1	1	1	1	1	1	1	0	0	1	1	1	0	1	1	0	1	1	1	1	0	0	1	1	1	1	1	1	1	1	1	1	1	0	1	1	1	1	0	1	1	0	1	1	1	1	1	1	1	1	1	1	1	1	1	1	0	1	0	1	1	1	1	1	1	1	1	1	1	1	1	0	0	0	1	1	0	1	1	0	1	1	1	1	0	0	1	1	1	1	