A_0	A_1	R_0	R_1	R_2	R_3	Phenotype	Fitness	Accuracy	Numerosity	AveMatchSetSize	TimeStampGA	InitTimeStamp	Specificity	DeletionProb	CorrectCount	MatchCount
0	#	#	#	#	#	1	0.03148496134736318	0.5007496251874063	3	0	3998	0	0.16666666666666666	0	1002	2001
#	1	0	#	#	0	0	0.23889733068959731	0.751004016064257	20	0	3985	2	0.5	0	374	498
#	#	0	0	1	1	0	0.032520160641024004	0.504	6	0	3972	3	0.6666666666666666	0	126	250
#	#	0	0	#	1	0	0.09555870199959444	0.625250501002004	11	0	3977	3	0.5	0	312	499
#	1	0	0	#	0	0	1.0	1.0	18	0	3985	3	0.6666666666666666	0	249	249
0	1	0	0	#	0	0	1.0	1.0	17	0	3985	4	0.8333333333333334	0	125	125
0	#	#	#	0	#	0	0.03093812624999398	0.49899799599198397	5	0	3982	5	0.3333333333333333	0	498	998
#	#	0	#	0	1	0	0.09403709773047536	0.6232464929859719	8	0	3977	5	0.5	0	311	499
0	#	#	0	1	1	0	0.23257765406103217	0.7469879518072289	11	0	3972	5	0.6666666666666666	0	186	249
1	#	#	#	0	#	0	0.2377000634327635	0.7502497502497503	6	0	3999	6	0.3333333333333333	0	751	1001
1	1	0	#	0	0	0	1.0	1.0	17	0	3970	6	0.8333333333333334	0	124	124
1	#	#	0	#	#	0	0.031563752502501	0.501	2	0	3994	6	0.3333333333333333	0	501	1000
0	0	0	#	#	#	0	1.0	1.0	24	0	3976	8	0.5	0	497	497
0	0	0	#	#	0	0	1.0	1.0	17	0	3976	8	0.6666666666666666	0	248	248
#	1	0	#	#	#	0	0.030937502512539055	0.49899598393574296	4	0	3985	8	0.3333333333333333	0	497	996
0	#	#	#	0	0	1	0.031565654002102976	0.5010060362173038	3	0	3979	10	0.5	0	249	497
0	#	0	#	0	1	0	0.23257765406103217	0.7469879518072289	7	0	3973	12	0.6666666666666666	0	186	249
0	#	1	#	1	#	0	0.0009863869932852	0.250501002004008	3	0	3981	13	0.5	0	125	499
#	#	0	#	0	0	1	3.0211793237495257e-05	0.12474849094567404	3	0	3940	15	0.5	0	62	497
#	#	#	#	0	1	0	0.030937502512539055	0.49899598393574296	1	0	3999	15	0.3333333333333333	0	497	996
#	1	#	#	#	0	0	0.23849957273356268	0.7507537688442211	7	0	3992	16	0.3333333333333333	0	747	995
1	#	0	0	#	#	0	0.03125	0.5	6	0	3994	16	0.5	0	249	498
0	#	#	#	0	#	1	0.03140766870090778	0.500503524672709	1	0	3998	17	0.3333333333333333	0	497	993
0	#	1	#	1	0	0	0.0009765625	0.25	1	0	3981	17	0.6666666666666666	0	62	248
#	#	#	#	0	0	0	0.23849957273356268	0.7507537688442211	5	0	3994	19	0.3333333333333333	0	747	995
#	1	#	#	#	#	0	0.031015038660626597	0.49924585218702866	4	0	3992	19	0.16666666666666666	0	993	1989
1	0	#	#	#	1	1	0.031880020040032	0.502	3	0	3997	20	0.5	0	251	500
#	1	#	0	#	#	0	0.23532385812437429	0.7487437185929648	8	0	3992	20	0.3333333333333333	0	745	995
1	#	0	0	#	0	0	0.23889733068959731	0.751004016064257	8	0	3994	20	0.6666666666666666	0	187	249
#	#	#	#	0	0	1	0.0009667773835998482	0.24949698189134809	1	0	3979	21	0.3333333333333333	0	248	994
#	#	#	#	#	1	0	0.007335421326901175	0.37418382722250126	3	0	3999	22	0.16666666666666666	0	745	1991
1	0	0	0	1	1	1	1.0	1.0	7	0	3938	22	1.0	0	62	62
0	0	#	#	#	#	0	0.03125	0.5	4	0	3976	23	0.3333333333333333	0	496	992
#	0	0	#	#	1	1	0.0009765625	0.25	4	0	3991	23	0.5	0	124	496
#	1	1	#	0	1	1	0.23889733068959731	0.751004016064257	5	0	3993	25	0.6666666666666666	0	187	249
0	1	#	0	#	0	0	1.0	1.0	14	0	3985	26	0.6666666666666666	0	248	248
#	1	0	#	#	1	0	0.0009571096874939596	0.24899598393574296	4	0	3972	27	0.5	0	124	498
#	#	1	0	0	1	0	0.03125	0.5	2	0	3982	27	0.6666666666666666	0	124	248
#	1	#	#	#	1	1	0.23810154604195244	0.7505030181086519	5	0	3998	28	0.3333333333333333	0	746	994
1	#	1	#	#	1	1	0.23492690421476317	0.7484909456740443	6	0	3997	29	0.5	0	372	497
#	#	0	#	0	0	0	0.512908935546875	0.875	13	0	3994	29	0.5	0	434	496
1	0	1	#	#	#	1	0.03125	0.5	3	0	3997	32	0.5	0	248	496
#	#	#	0	1	1	0	0.007415771484375	0.375	2	0	3972	32	0.5	0	186	496
1	#	0	#	#	0	1	0.0009765625	0.25	1	0	3947	33	0.5	0	124	496
#	0	1	#	#	0	0	0.0009864667039015253	0.2505050505050505	1	0	3989	33	0.5	0	124	495
1	1	#	#	#	#	0	0.03125	0.5	2	0	3992	33	0.3333333333333333	0	496	992
0	1	0	#	0	0	1	0.03125	0.5	2	0	3940	34	0.8333333333333334	0	62	124
#	#	#	#	#	1	1	0.09522324141657476	0.6248108925869894	2	0	3998	34	0.16666666666666666	0	1239	1983
1	0	1	0	#	1	1	0.03125	0.5	3	0	3997	35	0.8333333333333334	0	62	124
#	#	0	1	1	#	0	0.007415771484375	0.375	2	0	3965	35	0.5	0	186	496
#	1	0	#	#	0	1	0.0009473262302489205	0.24848484848484848	2	0	3968	38	0.5	0	123	495
#	1	#	#	0	0	0	0.23971140904807056	0.7515151515151515	7	0	3992	38	0.5	0	372	495
0	1	#	#	#	#	1	0.031092648859738694	0.49949545913218973	4	0	3998	39	0.3333333333333333	0	495	991
#	#	0	#	1	1	1	0.0947908466834612	0.6242424242424243	4	0	3995	40	0.5	0	309	495
#	1	#	0	#	0	0	1.0	1.0	19	0	3992	40	0.5	0	496	496
0	#	#	#	0	1	1	0.03125	0.5	1	0	3998	42	0.5	0	248	496
#	1	0	0	0	0	0	1.0	1.0	23	0	3963	46	0.8333333333333334	0	124	124
0	1	0	#	#	0	1	0.03062251040628165	0.4979757085020243	2	0	3968	46	0.6666666666666666	0	123	247
0	#	0	#	#	1	0	0.23650675719570646	0.7494949494949495	9	0	3973	51	0.5	0	371	495
#	0	0	#	1	#	1	0.030619980373036218	0.49796747967479676	1	0	3991	51	0.5	0	245	492
#	1	1	0	#	0	0	1.0	1.0	14	0	3992	53	0.6666666666666666	0	247	247
0	1	0	0	1	0	0	1.0	1.0	22	0	3985	54	1.0	0	62	62
0	#	#	0	0	1	0	0.23570775731912577	0.7489878542510121	6	0	3982	57	0.6666666666666666	0	185	247
#	#	0	#	#	1	0	0.03125	0.5	1	0	3977	57	0.3333333333333333	0	493	986
0	0	0	0	#	0	0	1.0	1.0	15	0	3976	58	0.8333333333333334	0	123	123
0	0	0	#	1	#	0	1.0	1.0	14	0	3976	61	0.6666666666666666	0	246	246
1	#	0	0	0	0	0	1.0	1.0	19	0	3994	62	0.8333333333333334	0	123	123
0	#	#	0	0	1	1	0.0010169109223078334	0.25203252032520324	1	0	3983	63	0.6666666666666666	0	62	246
#	1	#	0	0	1	0	0.03062251040628165	0.4979757085020243	4	0	3982	64	0.6666666666666666	0	123	247
#	#	1	0	#	0	0	0.09575416037718244	0.6255060728744939	6	0	3992	64	0.5	0	309	494
0	1	0	0	0	1	0	1.0	1.0	12	0	3967	65	1.0	0	61	61
0	#	#	0	#	0	0	0.2349076901191625	0.7484787018255578	17	0	3985	65	0.5	0	369	493
#	#	#	0	0	1	0	0.09363911080645679	0.6227180527383367	5	0	3982	69	0.5	0	307	493
#	1	1	1	0	1	1	1.0	1.0	18	0	3980	70	0.8333333333333334	0	123	123
0	#	#	#	0	1	0	0.030619980373036218	0.49796747967479676	5	0	3982	71	0.5	0	245	492
#	#	0	0	0	0	0	1.0	1.0	16	0	3994	71	0.6666666666666666	0	245	245
#	#	1	#	0	1	0	0.007440875630269309	0.3752535496957404	2	0	3999	72	0.5	0	185	493
0	#	0	#	0	#	0	0.2348881629707487	0.7484662576687117	6	0	3973	74	0.5	0	366	489
0	1	0	0	#	#	0	1.0	1.0	17	0	3985	74	0.6666666666666666	0	245	245
1	0	#	#	0	0	0	1.0	1.0	14	0	3994	75	0.6666666666666666	0	247	247
0	1	0	#	#	1	0	0.030000163240177628	0.4959349593495935	5	0	3972	75	0.6666666666666666	0	122	246
#	#	1	#	0	1	1	0.09459460401842092	0.6239837398373984	3	0	3993	76	0.5	0	307	492
#	1	0	1	#	1	0	0.0	0.0	2	0	76	76	0.6666666666666666	0	0	246
#	#	1	0	#	1	0	0.007241933268682385	0.37322515212981744	1	0	3982	77	0.5	0	184	493
#	#	0	0	#	0	0	0.5144060417537324	0.8755102040816326	10	0	3994	78	0.5	0	429	490
1	#	0	0	1	1	0	0.0	0.0	2	0	78	78	0.8333333333333334	0	0	122
1	0	0	0	#	0	0	0.03254114951385067	0.5040650406504065	7	0	3994	80	0.8333333333333334	0	62	123
0	#	#	0	#	1	0	0.2348881629707487	0.7484662576687117	7	0	3982	80	0.5	0	366	489
#	1	0	0	0	0	1	0.0	0.0	2	0	81	81	0.8333333333333334	0	0	122
0	0	0	#	0	0	0	1.0	1.0	11	0	3962	82	0.8333333333333334	0	122	122
#	#	0	#	1	#	1	0.03157083919736455	0.5010224948875256	2	0	3995	82	0.3333333333333333	0	490	978
#	#	#	0	1	1	1	0.09595394544110311	0.6257668711656442	2	0	3997	83	0.5	0	306	489
1	0	#	#	1	0	0	0.0	0.0	3	0	84	84	0.6666666666666666	0	0	244
#	0	0	0	#	0	0	0.2389234037835294	0.7510204081632653	8	0	3994	88	0.6666666666666666	0	184	245
1	0	0	0	1	1	0	0.0	0.0	3	0	88	88	1.0	0	0	61
0	0	0	#	1	#	1	0.0	0.0	1	0	89	89	0.6666666666666666	0	0	244
#	#	0	#	#	0	0	0.23770978246795016	0.7502558853633572	7	0	3994	89	0.3333333333333333	0	733	977
0	0	0	#	0	#	0	1.0	1.0	11	0	3973	90	0.6666666666666666	0	244	244
1	0	#	#	#	0	0	0.03125	0.5	8	0	3994	90	0.5	0	244	488
#	#	0	#	0	#	0	0.23609271512490024	0.7492323439099283	8	0	3994	92	0.3333333333333333	0	732	977
1	1	1	0	1	0	0	1.0	1.0	10	0	3975	93	1.0	0	61	61
#	0	#	0	#	1	1	0.03125	0.5	4	0	3997	93	0.5	0	244	488
#	1	1	0	1	0	0	1.0	1.0	7	0	3981	94	0.8333333333333334	0	122	122
0	1	0	#	#	#	0	0.03125	0.5	9	0	3985	97	0.5	0	244	488
#	0	1	0	#	1	1	0.2373046875	0.75	4	0	3997	98	0.6666666666666666	0	183	244
1	1	#	0	0	0	0	1.0	1.0	17	0	3992	98	0.8333333333333334	0	122	122
1	0	0	#	0	0	0	1.0	1.0	12	0	3994	102	0.8333333333333334	0	122	122
#	1	#	0	0	0	0	1.0	1.0	12	0	3992	106	0.6666666666666666	0	244	244
0	#	0	0	#	#	0	1.0	1.0	17	0	3985	106	0.5	0	487	487
#	0	0	#	#	#	0	0.23976123681231348	0.7515463917525773	9	0	3994	110	0.3333333333333333	0	729	970
0	#	0	#	0	0	0	0.24059140593162093	0.7520661157024794	5	0	3962	110	0.6666666666666666	0	182	242
0	1	#	#	0	#	0	0.03157216222332118	0.5010266940451745	7	0	3982	111	0.5	0	244	487
1	1	0	0	#	0	0	1.0	1.0	14	0	3963	111	0.8333333333333334	0	121	121
#	0	0	#	#	#	1	0.0009516260623351153	0.24871001031991744	2	0	3991	113	0.3333333333333333	0	241	969
0	1	0	#	0	#	0	0.03189831815367774	0.5020576131687243	7	0	3967	114	0.6666666666666666	0	122	243
#	0	#	#	#	#	0	0.03149224690193435	0.500772797527048	6	0	3999	114	0.16666666666666666	0	972	1941
#	0	#	0	1	#	1	0.23486831505595482	0.7484536082474227	2	0	3997	116	0.5	0	363	485
1	1	0	0	#	1	0	0.0	0.0	2	0	116	116	0.8333333333333334	0	0	122
#	0	#	#	#	0	0	0.03173675074994348	0.5015479876160991	3	0	3994	118	0.3333333333333333	0	486	969
1	1	#	0	0	#	0	0.03125	0.5	6	0	3992	118	0.6666666666666666	0	122	244
#	1	0	#	0	1	0	0.0009968224423024293	0.25102880658436216	4	0	3967	119	0.6666666666666666	0	61	243
1	#	0	#	1	0	0	0.03190374303770491	0.5020746887966805	4	0	3965	119	0.6666666666666666	0	121	241
0	1	#	0	0	0	0	1.0	1.0	18	0	3961	122	0.8333333333333334	0	120	120
0	1	0	#	0	1	0	0.03125	0.5	8	0	3967	123	0.8333333333333334	0	61	122
#	#	1	1	#	1	1	0.5098882788437851	0.8739669421487604	10	0	3990	123	0.5	0	423	484
#	0	0	0	#	#	0	0.24059140593162093	0.7520661157024794	10	0	3994	124	0.5	0	364	484
1	1	#	#	0	#	0	0.031573496205736754	0.5010309278350515	4	0	3992	124	0.5	0	243	485
#	0	0	#	0	#	0	1.0	1.0	14	0	3994	126	0.5	0	483	483
#	#	#	#	0	#	0	0.09512151265959341	0.624677336086732	5	0	3999	127	0.16666666666666666	0	1210	1937
1	0	#	#	#	#	0	0.03157416734823627	0.5010330578512396	5	0	3999	127	0.3333333333333333	0	485	968
#	1	#	0	#	1	1	0.03157484128127764	0.5010351966873706	3	0	3996	132	0.5	0	242	483
0	1	#	0	1	1	0	1.0	1.0	14	0	3972	134	0.8333333333333334	0	120	120
0	#	0	0	1	0	0	1.0	1.0	12	0	3985	135	0.8333333333333334	0	122	122
0	0	#	0	1	0	0	0.03125	0.5	2	0	3976	138	0.8333333333333334	0	60	120
0	1	0	#	#	0	0	0.03190374303770491	0.5020746887966805	9	0	3985	140	0.6666666666666666	0	121	241
0	#	0	0	0	1	0	1.0	1.0	12	0	3967	141	0.8333333333333334	0	120	120
0	1	#	0	#	1	0	1.0	1.0	16	0	3982	141	0.6666666666666666	0	241	241
#	#	0	#	#	#	0	0.09467622310283509	0.6240913811007269	1	0	3994	142	0.16666666666666666	0	1202	1926
#	0	1	1	0	1	1	0.029979846186040392	0.49586776859504134	3	0	3953	142	0.8333333333333334	0	60	121
0	0	0	#	0	#	1	0.0	0.0	2	0	143	143	0.6666666666666666	0	0	240
0	1	1	1	0	1	1	1.0	1.0	12	0	3980	145	1.0	0	60	60
#	1	1	0	0	0	0	1.0	1.0	11	0	3992	146	0.8333333333333334	0	121	121
#	1	#	0	1	0	0	1.0	1.0	11	0	3985	146	0.6666666666666666	0	240	240
0	0	#	0	#	0	0	0.03125	0.5	5	0	3976	148	0.6666666666666666	0	120	240
0	1	0	0	#	1	0	1.0	1.0	13	0	3972	149	0.8333333333333334	0	120	120
#	1	#	0	0	#	0	0.2332385623200035	0.7474120082815735	5	0	3992	151	0.5	0	361	483
1	1	#	0	#	#	0	0.030927837804918198	0.4989648033126294	5	0	3992	151	0.5	0	241	483
0	#	0	0	#	0	1	0.0	0.0	3	0	153	153	0.6666666666666666	0	0	240
#	1	1	#	0	#	1	0.03125	0.5	3	0	3993	154	0.5	0	240	480
1	1	0	0	1	0	0	1.0	1.0	15	0	3949	159	1.0	0	60	60
0	1	#	0	1	0	0	1.0	1.0	10	0	3985	160	0.8333333333333334	0	120	120
1	0	0	0	0	0	0	1.0	1.0	17	0	3994	161	1.0	0	60	60
0	1	#	#	#	0	0	0.03125	0.5	8	0	3985	161	0.5	0	240	480
#	1	1	1	0	#	1	0.2373046875	0.75	4	0	3980	164	0.6666666666666666	0	180	240
0	1	#	0	#	0	1	0.0	0.0	1	0	166	166	0.6666666666666666	0	0	240
0	1	#	#	0	0	0	0.03190925947145692	0.502092050209205	8	0	3961	170	0.6666666666666666	0	120	239
#	0	0	0	0	0	0	1.0	1.0	19	0	3994	170	0.8333333333333334	0	119	119
0	#	0	0	0	#	0	1.0	1.0	13	0	3967	171	0.6666666666666666	0	239	239
0	0	0	1	#	#	0	1.0	1.0	14	0	3973	171	0.6666666666666666	0	240	240
#	0	0	1	0	#	0	1.0	1.0	11	0	3973	172	0.6666666666666666	0	239	239
#	#	0	0	#	#	0	0.2385497250985906	0.7507853403141361	6	0	3994	174	0.3333333333333333	0	717	955
1	1	#	#	0	0	0	1.0	1.0	15	0	3992	174	0.6666666666666666	0	240	240
#	1	#	0	1	1	0	0.030601682309514048	0.497907949790795	3	0	3972	177	0.6666666666666666	0	119	239
#	0	0	1	0	1	0	1.0	1.0	7	0	3973	178	0.8333333333333334	0	119	119
0	1	#	1	#	#	1	1.0	1.0	13	0	3998	178	0.5	0	479	479
#	0	#	0	1	1	1	0.23565445268619553	0.7489539748953975	2	0	3997	179	0.6666666666666666	0	179	239
1	1	1	1	0	#	1	0.029958857775924084	0.4957983193277311	2	0	3941	179	0.8333333333333334	0	59	119
#	1	#	1	#	0	1	0.030601682309514048	0.497907949790795	2	0	3968	180	0.5	0	238	478
0	1	#	0	0	#	0	1.0	1.0	10	0	3982	180	0.6666666666666666	0	239	239
1	1	0	0	0	0	0	1.0	1.0	21	0	3963	182	1.0	0	60	60
1	#	1	0	1	0	0	0.032585279083595056	0.5042016806722689	3	0	3975	182	0.8333333333333334	0	60	119
#	#	0	#	0	1	1	0.007441718874976714	0.3752620545073375	2	0	3998	183	0.5	0	179	477
0	0	0	0	1	#	0	1.0	1.0	16	0	3976	188	0.8333333333333334	0	120	120
#	1	#	#	#	1	0	0.0009972516483354285	0.2510504201680672	3	0	3982	188	0.3333333333333333	0	239	952
1	0	0	0	#	1	1	0.029958857775924084	0.4957983193277311	5	0	3938	191	0.8333333333333334	0	59	119
0	0	0	0	1	0	0	1.0	1.0	13	0	3976	191	1.0	0	60	60
0	1	#	#	1	1	1	0.03125	0.5	3	0	3995	192	0.6666666666666666	0	119	238
#	1	1	#	#	0	0	0.24147954434061325	0.7526205450733753	5	0	3992	192	0.5	0	359	477
1	0	#	0	1	#	1	1.0	1.0	13	0	3997	193	0.6666666666666666	0	237	237
0	0	#	#	0	0	0	0.030596257441187054	0.4978902953586498	6	0	3962	195	0.6666666666666666	0	118	237
0	1	0	1	#	#	1	1.0	1.0	9	0	3998	195	0.6666666666666666	0	238	238
#	0	0	#	0	#	1	0.0	0.0	2	0	197	197	0.5	0	0	474
0	0	0	1	0	#	0	1.0	1.0	9	0	3973	199	0.8333333333333334	0	118	118
#	0	0	1	#	1	0	0.2323403299440141	0.7468354430379747	8	0	3973	199	0.6666666666666666	0	177	237
1	1	0	#	0	0	1	0.0	0.0	2	0	200	200	0.8333333333333334	0	0	118
0	#	0	#	#	0	0	0.23814203560001493	0.7505285412262156	7	0	3985	201	0.5	0	355	473
0	1	0	0	1	1	0	1.0	1.0	9	0	3972	202	1.0	0	59	59
#	#	1	1	0	1	1	0.2323403299440141	0.7468354430379747	3	0	3980	206	0.6666666666666666	0	177	237
#	#	#	1	#	#	1	0.095367431640625	0.625	1	0	3998	207	0.16666666666666666	0	1185	1896
1	0	1	0	1	#	1	1.0	1.0	8	0	3997	207	0.8333333333333334	0	119	119
#	0	#	1	#	#	1	0.03158103517945149	0.5010548523206751	3	0	3991	209	0.3333333333333333	0	475	948
1	#	0	#	0	#	0	0.23564056582659823	0.7489451476793249	10	0	3994	210	0.5	0	355	474
1	0	0	1	0	0	0	1.0	1.0	17	0	3966	211	1.0	0	59	59
1	1	0	#	#	0	0	1.0	1.0	8	0	3970	213	0.6666666666666666	0	236	236
1	#	0	0	0	0	1	0.0	0.0	2	0	216	216	0.8333333333333334	0	0	119
#	1	1	#	#	#	0	0.03125	0.5	3	0	3992	220	0.3333333333333333	0	472	944
1	1	0	0	#	#	0	0.03125	0.5	6	0	3963	221	0.6666666666666666	0	118	236
1	#	0	0	0	#	0	0.2373046875	0.75	10	0	3994	222	0.6666666666666666	0	177	236
0	#	0	#	#	#	0	0.2373046875	0.75	3	0	3985	223	0.3333333333333333	0	708	944
0	1	1	0	#	#	0	1.0	1.0	7	0	3982	224	0.6666666666666666	0	236	236
0	#	0	0	0	0	0	1.0	1.0	19	0	3961	225	0.8333333333333334	0	118	118
#	#	0	1	0	1	0	0.03125	0.5	1	0	3973	226	0.6666666666666666	0	118	236
#	#	#	0	#	0	0	0.23983456533865202	0.7515923566878981	5	0	3994	227	0.3333333333333333	0	708	942
0	1	0	0	0	#	0	1.0	1.0	13	0	3967	228	0.8333333333333334	0	118	118
#	#	0	0	#	#	1	0.0009458554554508607	0.2484076433121019	2	0	3996	229	0.3333333333333333	0	234	942
#	0	0	#	0	0	1	0.0	0.0	1	0	235	235	0.6666666666666666	0	0	235
0	0	0	0	0	#	0	1.0	1.0	13	0	3950	236	0.8333333333333334	0	117	117
0	#	0	1	0	#	1	0.03059074102380611	0.4978723404255319	4	0	3998	239	0.6666666666666666	0	117	235
#	0	#	#	#	1	0	0.031084305781922943	0.49946865037194477	3	0	3999	239	0.3333333333333333	0	470	941
#	1	1	#	#	#	1	0.031084305781922943	0.49946865037194477	1	0	3993	241	0.3333333333333333	0	470	941
#	1	#	1	0	0	0	0.03192057641682165	0.502127659574468	4	0	3974	241	0.6666666666666666	0	118	235
1	#	0	#	1	1	1	1.0	1.0	14	0	3991	243	0.6666666666666666	0	234	234
0	0	0	#	1	0	0	1.0	1.0	10	0	3976	245	0.8333333333333334	0	117	117
0	#	0	0	1	#	0	1.0	1.0	8	0	3985	246	0.6666666666666666	0	236	236
1	0	#	#	1	#	1	1.0	1.0	10	0	3997	247	0.5	0	467	467
#	#	0	0	1	0	0	0.24070441269615173	0.7521367521367521	3	0	3985	249	0.6666666666666666	0	176	234
1	0	0	#	#	0	0	0.032608494584992084	0.5042735042735043	4	0	3994	250	0.6666666666666666	0	118	234
1	#	#	#	0	0	0	1.0	1.0	15	0	3994	251	0.5	0	471	471
#	0	#	0	#	#	0	0.03125	0.5	5	0	3994	252	0.3333333333333333	0	469	938
1	#	1	0	1	#	0	0.0010190154557810026	0.25213675213675213	3	0	3975	253	0.6666666666666666	0	59	234
0	#	#	0	0	0	0	0.23225583640721675	0.7467811158798283	8	0	3961	256	0.6666666666666666	0	174	233
1	0	0	0	0	#	0	1.0	1.0	15	0	3994	260	0.8333333333333334	0	118	118
0	0	0	1	#	0	0	1.0	1.0	10	0	3962	260	0.8333333333333334	0	116	116
#	0	0	1	0	#	1	0.0	0.0	1	0	263	263	0.6666666666666666	0	0	232
#	1	1	1	#	#	0	0.0009976994327132933	0.2510729613733906	1	0	3986	265	0.5	0	117	466
#	#	#	1	0	0	1	0.007336374234779091	0.3741935483870968	2	0	3969	266	0.5	0	174	465
#	1	#	1	#	#	0	0.0009765625	0.25	1	0	3986	266	0.3333333333333333	0	233	932
0	1	0	0	0	0	0	1.0	1.0	17	0	3961	267	1.0	0	58	58
#	0	#	0	0	0	0	0.24070441269615173	0.7521367521367521	12	0	3994	267	0.6666666666666666	0	176	234
1	#	#	0	0	0	0	1.0	1.0	10	0	3994	268	0.6666666666666666	0	235	235
#	#	#	0	#	1	0	0.03074974352994275	0.4983888292158969	2	0	3982	279	0.3333333333333333	0	464	931
0	#	#	0	#	1	1	0.0009765625	0.25	3	0	3987	280	0.5	0	116	464
1	0	#	0	#	0	0	0.03125	0.5	3	0	3994	282	0.6666666666666666	0	116	232
1	#	1	#	1	#	0	0.0009661068951149416	0.24946236559139784	3	0	3986	282	0.5	0	116	465
#	1	#	#	1	0	0	0.2373046875	0.75	5	0	3986	284	0.5	0	348	464
#	#	#	0	1	0	0	0.09640177588145056	0.6263498920086393	6	0	3985	288	0.5	0	290	463
#	0	0	0	#	0	1	0.0009147751931370566	0.24675324675324675	1	0	3937	289	0.6666666666666666	0	57	231
1	#	#	1	0	#	0	0.2373046875	0.75	11	0	3999	289	0.5	0	348	464
#	0	0	#	0	0	0	1.0	1.0	16	0	3994	291	0.6666666666666666	0	232	232
1	#	0	#	0	0	0	1.0	1.0	15	0	3994	292	0.6666666666666666	0	232	232
#	1	0	0	#	#	0	0.2373046875	0.75	6	0	3985	293	0.5	0	348	464
0	0	#	1	#	0	0	0.03125	0.5	3	0	3962	293	0.6666666666666666	0	116	232
1	0	#	1	0	#	0	1.0	1.0	16	0	3999	294	0.6666666666666666	0	231	231
#	1	#	1	0	0	1	0.030579424113337098	0.49783549783549785	2	0	3957	295	0.6666666666666666	0	115	231
0	0	0	1	#	0	1	0.0	0.0	1	0	297	297	0.8333333333333334	0	0	116
1	1	0	0	0	#	0	0.03125	0.5	5	0	3963	297	0.8333333333333334	0	58	116
0	1	0	0	1	#	0	1.0	1.0	12	0	3985	298	0.8333333333333334	0	116	116
0	1	0	0	1	0	1	0.0	0.0	2	0	302	302	1.0	0	0	58
0	#	0	0	#	1	0	1.0	1.0	11	0	3972	303	0.6666666666666666	0	231	231
#	#	#	#	#	0	0	0.09645668176685471	0.6264212236058473	1	0	3994	304	0.16666666666666666	0	1157	1847
#	0	#	0	#	1	0	0.03125	0.5	1	0	3977	304	0.5	0	231	462
#	0	0	0	1	1	1	0.029914729255417254	0.4956521739130435	2	0	3938	306	0.8333333333333334	0	57	115
1	0	#	0	0	0	0	1.0	1.0	7	0	3994	306	0.8333333333333334	0	116	116
1	#	0	#	#	#	0	0.031762284157648694	0.501628664495114	2	0	3994	309	0.3333333333333333	0	462	921
0	#	0	0	#	0	0	1.0	1.0	19	0	3985	309	0.6666666666666666	0	231	231
0	0	0	0	#	#	0	1.0	1.0	17	0	3976	310	0.6666666666666666	0	230	230
0	1	1	0	#	0	1	0.0	0.0	2	0	310	310	0.8333333333333334	0	0	115
#	0	#	#	0	#	0	0.23687649438265332	0.7497291440953413	6	0	3999	311	0.3333333333333333	0	692	923
1	#	#	0	#	0	0	0.24162548958220545	0.7527114967462039	6	0	3994	312	0.5	0	347	461
0	#	#	#	0	0	0	0.0305736187019339	0.4978165938864629	3	0	3962	314	0.5	0	228	458
0	#	0	0	1	1	0	1.0	1.0	8	0	3972	315	0.8333333333333334	0	116	116
1	0	#	0	#	#	1	0.0305765339178727	0.49782608695652175	3	0	3997	316	0.5	0	229	460
0	#	0	#	1	#	0	0.23559746662675993	0.7489177489177489	7	0	3985	316	0.5	0	346	462
#	1	0	0	0	#	0	0.23216841701781052	0.7467248908296943	6	0	3967	319	0.6666666666666666	0	171	229
0	1	#	1	#	0	0	0.0	0.0	3	0	319	319	0.6666666666666666	0	0	229
#	#	#	#	1	1	0	0.0009450631490324207	0.24836601307189543	2	0	3972	325	0.3333333333333333	0	228	918
0	1	#	0	1	1	1	0.0	0.0	2	0	325	325	0.8333333333333334	0	0	114
0	1	0	1	#	0	1	1.0	1.0	10	0	3968	331	0.8333333333333334	0	114	114
#	#	1	0	0	0	0	0.24076388112473182	0.7521739130434782	7	0	3992	334	0.6666666666666666	0	173	230
0	1	#	1	#	1	1	1.0	1.0	8	0	3998	337	0.6666666666666666	0	230	230
0	0	0	0	1	0	1	0.0	0.0	2	0	342	342	1.0	0	0	57
#	1	1	#	0	0	0	0.2373046875	0.75	9	0	3992	348	0.6666666666666666	0	171	228
1	#	#	0	1	0	0	0.03125	0.5	6	0	3975	349	0.6666666666666666	0	114	228
#	#	0	#	#	#	1	0.007381934291892155	0.3746571585298958	3	0	3998	353	0.16666666666666666	0	683	1823
1	#	0	0	1	1	1	1.0	1.0	7	0	3964	355	0.8333333333333334	0	113	113
0	#	0	#	#	#	1	0.0009605885399574056	0.2491767288693743	2	0	3998	359	0.3333333333333333	0	227	911
0	0	#	#	0	#	0	0.03125	0.5	7	0	3973	359	0.5	0	228	456
#	1	#	#	1	#	0	0.03142189177429895	0.5005488474204172	2	0	3986	361	0.3333333333333333	0	456	911
1	#	0	#	#	#	1	0.030736593872633996	0.49834619625137816	5	0	3996	363	0.3333333333333333	0	452	907
0	0	0	#	1	1	0	1.0	1.0	7	0	3971	363	0.8333333333333334	0	114	114
1	0	0	#	0	#	0	1.0	1.0	12	0	3994	366	0.6666666666666666	0	227	227
0	#	#	1	#	0	0	0.0009982630410102365	0.2511013215859031	3	0	3962	366	0.5	0	114	454
#	1	1	1	#	1	1	1.0	1.0	10	0	3980	367	0.6666666666666666	0	226	226
1	#	#	#	1	0	1	0.03022437870863293	0.49667405764966743	2	0	3947	368	0.5	0	224	451
#	0	#	0	0	#	0	0.23556747178726203	0.748898678414097	8	0	3994	368	0.5	0	340	454
#	1	#	0	0	#	1	0.0009765625	0.25	2	0	3996	369	0.5	0	114	456
1	1	1	#	0	0	0	1.0	1.0	11	0	3992	370	0.8333333333333334	0	114	114
0	#	#	0	0	#	0	0.23469696901276463	0.7483443708609272	5	0	3982	371	0.5	0	339	453
#	1	1	1	0	0	1	0.03125	0.5	6	0	3957	372	0.8333333333333334	0	57	114
0	#	#	0	#	#	0	0.23556747178726203	0.748898678414097	8	0	3985	372	0.3333333333333333	0	680	908
0	1	1	0	0	0	0	1.0	1.0	7	0	3954	373	1.0	0	56	56
0	#	1	#	0	1	1	0.23556747178726203	0.748898678414097	4	0	3983	375	0.6666666666666666	0	170	227
#	#	#	0	0	0	0	0.5104872735134234	0.8741721854304636	9	0	3994	378	0.5	0	396	453
#	1	0	0	1	#	0	0.23556747178726203	0.748898678414097	7	0	3985	379	0.6666666666666666	0	170	227
0	0	0	#	1	0	1	0.0	0.0	4	0	380	380	0.8333333333333334	0	0	113
#	0	#	0	#	0	0	0.03159644894038385	0.5011037527593819	4	0	3994	383	0.5	0	227	453
1	#	#	0	0	#	0	0.23556747178726203	0.748898678414097	11	0	3994	385	0.5	0	340	454
#	1	1	#	#	0	1	0.0009238449800191408	0.24724061810154527	2	0	3957	389	0.5	0	112	453
#	#	#	1	0	1	1	0.09557907698928574	0.6252771618625277	5	0	3998	389	0.5	0	282	451
0	0	0	#	#	1	0	1.0	1.0	13	0	3973	390	0.6666666666666666	0	224	224
#	1	#	#	1	#	1	0.03090431756210774	0.4988888888888889	1	0	3995	391	0.3333333333333333	0	449	900
0	#	1	0	0	1	1	0.03125	0.5	1	0	3983	394	0.8333333333333334	0	57	114
0	#	#	0	1	#	0	0.23555207562299793	0.7488888888888889	6	0	3985	398	0.5	0	337	450
1	#	0	#	1	1	0	0.0	0.0	1	0	399	399	0.6666666666666666	0	0	225
0	0	#	1	1	#	1	0.03195064477981338	0.5022222222222222	3	0	3990	401	0.6666666666666666	0	113	225
1	0	0	#	0	1	0	1.0	1.0	8	0	3977	401	0.8333333333333334	0	112	112
#	1	0	0	1	0	0	1.0	1.0	14	0	3985	402	0.8333333333333334	0	112	112
0	1	#	0	0	1	0	1.0	1.0	12	0	3982	402	0.8333333333333334	0	112	112
1	0	0	1	0	#	0	1.0	1.0	9	0	3966	407	0.8333333333333334	0	112	112
0	1	#	1	0	1	1	1.0	1.0	11	0	3998	408	0.8333333333333334	0	113	113
1	1	0	0	1	#	0	0.03125	0.5	6	0	3949	414	0.8333333333333334	0	56	112
1	1	#	#	#	0	0	1.0	1.0	9	0	3992	414	0.5	0	448	448
0	#	0	#	1	0	0	0.2373046875	0.75	5	0	3985	419	0.6666666666666666	0	168	224
1	0	0	1	0	1	0	1.0	1.0	11	0	3942	422	1.0	0	55	55
#	1	0	0	#	1	0	0.03125	0.5	4	0	3972	430	0.6666666666666666	0	112	224
#	0	0	0	#	1	0	0.2408892855082417	0.7522522522522522	9	0	3977	434	0.6666666666666666	0	167	222
#	#	0	0	0	#	1	3.12079931134982e-05	0.12556053811659193	2	0	3996	436	0.5	0	56	446
#	#	#	#	1	0	1	0.030552483473538807	0.49774774774774777	2	0	3978	436	0.3333333333333333	0	442	888
#	#	#	0	1	#	0	0.031602705229322514	0.501123595505618	4	0	3985	438	0.3333333333333333	0	446	890
1	#	#	#	0	1	0	0.03125	0.5	5	0	3999	439	0.5	0	222	444
1	0	0	#	1	#	1	1.0	1.0	9	0	3991	443	0.6666666666666666	0	221	221
#	#	0	0	0	1	0	0.23553640412115903	0.7488789237668162	7	0	3977	443	0.6666666666666666	0	167	223
0	1	0	1	1	0	1	1.0	1.0	11	0	3968	444	1.0	0	56	56
1	#	1	0	1	#	1	0.23376289008649898	0.7477477477477478	3	0	3997	445	0.6666666666666666	0	166	222
1	1	#	0	1	#	0	0.031963440904756266	0.502262443438914	2	0	3975	446	0.6666666666666666	0	111	221
#	1	1	#	#	1	1	0.2364132358880856	0.7494356659142212	4	0	3993	447	0.5	0	332	443
#	0	#	#	0	0	0	0.2373046875	0.75	11	0	3994	450	0.5	0	333	444
#	0	0	#	0	1	0	1.0	1.0	12	0	3977	451	0.6666666666666666	0	222	222
0	1	1	0	#	0	0	1.0	1.0	10	0	3981	456	0.8333333333333334	0	111	111
0	0	0	0	0	0	0	1.0	1.0	16	0	3946	458	1.0	0	55	55
0	0	#	0	#	#	0	0.03054935585203235	0.497737556561086	7	0	3976	459	0.5	0	220	442
0	1	0	#	0	1	1	0.03268325038712486	0.5045045045045045	2	0	3998	461	0.8333333333333334	0	56	111
#	1	#	0	#	1	0	0.03054935585203235	0.497737556561086	1	0	3982	462	0.5	0	220	442
1	0	0	0	#	0	1	0.02986747807348717	0.4954954954954955	3	0	3937	466	0.8333333333333334	0	55	111
0	#	#	#	#	1	0	0.03054935585203235	0.497737556561086	2	0	3982	466	0.3333333333333333	0	440	884
1	0	1	0	0	0	0	1.0	1.0	14	0	3989	469	1.0	0	55	55
1	#	#	#	0	1	1	0.031604304766975365	0.5011286681715575	2	0	3996	470	0.5	0	222	443
#	0	1	#	#	1	1	0.2355204498291332	0.748868778280543	1	0	3997	474	0.5	0	331	442
#	#	0	1	0	#	0	0.09429106082534106	0.6235827664399093	6	0	3973	474	0.5	0	275	441
0	#	1	0	#	#	0	0.03125	0.5	4	0	3982	476	0.5	0	220	440
0	1	#	1	0	#	1	1.0	1.0	10	0	3998	478	0.6666666666666666	0	220	220
1	0	1	0	0	#	0	1.0	1.0	7	0	3989	483	0.8333333333333334	0	110	110
1	1	#	0	0	0	1	0.0	0.0	2	0	485	485	0.8333333333333334	0	0	110
1	1	#	0	0	1	1	1.0	1.0	6	0	3996	486	0.8333333333333334	0	110	110
0	0	0	1	1	0	1	0.0	0.0	2	0	490	490	1.0	0	0	55
1	0	#	#	0	#	0	1.0	1.0	9	0	3999	490	0.5	0	439	439
1	1	1	#	#	0	0	1.0	1.0	3	0	3992	491	0.6666666666666666	0	220	220
#	0	0	0	0	#	0	1.0	1.0	14	0	3994	491	0.6666666666666666	0	219	219
0	#	#	1	#	#	1	0.23640512565700972	0.7494305239179955	2	0	3998	493	0.3333333333333333	0	658	878
0	0	0	0	0	#	1	0.0	0.0	2	0	494	494	0.8333333333333334	0	0	108
0	1	0	1	#	1	0	0.0	0.0	1	0	496	496	0.8333333333333334	0	0	110
1	0	#	1	0	1	0	1.0	1.0	10	0	3999	496	0.8333333333333334	0	109	109
0	#	1	1	0	1	1	1.0	1.0	12	0	3980	499	0.8333333333333334	0	109	109
1	0	#	0	1	1	1	1.0	1.0	13	0	3997	502	0.8333333333333334	0	109	109
1	0	0	0	#	#	1	0.029842576058803316	0.4954128440366973	4	0	3938	503	0.6666666666666666	0	108	218
#	0	#	1	0	#	0	0.2382111214612028	0.7505720823798627	9	0	3999	506	0.5	0	328	437
#	#	#	1	#	1	1	0.2373046875	0.75	4	0	3998	511	0.3333333333333333	0	654	872
0	1	1	0	1	0	0	1.0	1.0	15	0	3981	511	1.0	0	55	55
#	#	0	#	1	1	0	0.0075298581327189786	0.3761467889908257	2	0	3972	512	0.5	0	164	436
#	#	1	#	0	0	0	0.09690487579614902	0.6270022883295194	7	0	3992	513	0.5	0	274	437
0	#	0	#	0	1	1	0.0010459592818947848	0.2534562211981567	2	0	3998	518	0.6666666666666666	0	55	217
1	0	#	#	#	1	0	0.030539802411382835	0.49770642201834864	4	0	3999	521	0.5	0	217	436
1	1	1	0	0	#	0	0.03125	0.5	6	0	3992	524	0.8333333333333334	0	55	110
1	0	0	#	#	#	0	0.03125	0.5	2	0	3994	526	0.5	0	217	434
0	0	#	0	0	#	0	0.03125	0.5	5	0	3950	527	0.6666666666666666	0	108	216
1	#	0	1	0	#	0	0.2373046875	0.75	5	0	3970	527	0.6666666666666666	0	162	216
1	1	#	0	#	0	0	1.0	1.0	13	0	3992	532	0.6666666666666666	0	217	217
0	1	#	#	1	0	0	0.03125	0.5	1	0	3985	532	0.6666666666666666	0	108	216
1	1	0	0	#	0	1	0.0	0.0	3	0	535	535	0.8333333333333334	0	0	108
1	1	#	#	1	0	0	1.0	1.0	9	0	3986	537	0.6666666666666666	0	216	216
0	1	0	1	0	1	1	1.0	1.0	7	0	3998	538	1.0	0	55	55
0	0	0	1	0	1	1	0.0	0.0	1	0	539	539	1.0	0	0	54
1	0	0	#	#	1	0	0.03125	0.5	2	0	3977	542	0.6666666666666666	0	108	216
1	1	#	1	0	0	0	1.0	1.0	11	0	3974	542	0.8333333333333334	0	108	108
#	0	0	1	#	#	0	0.2373046875	0.75	5	0	3973	549	0.5	0	324	432
0	1	#	0	#	#	0	1.0	1.0	16	0	3985	559	0.5	0	431	431
1	1	#	#	1	#	0	0.031615921068064295	0.5011655011655012	2	0	3986	560	0.5	0	215	429
0	0	#	0	#	1	0	0.030529984854271264	0.49767441860465117	5	0	3971	562	0.6666666666666666	0	107	215
0	#	1	0	#	0	0	0.030529984854271264	0.49767441860465117	2	0	3981	566	0.6666666666666666	0	107	215
0	1	1	0	0	#	0	1.0	1.0	13	0	3982	567	0.8333333333333334	0	107	107
#	#	1	0	1	0	0	0.031983536114044836	0.5023255813953489	2	0	3981	569	0.6666666666666666	0	108	215
1	0	#	1	0	0	0	1.0	1.0	10	0	3984	570	0.8333333333333334	0	108	108
0	0	#	0	1	1	0	0.03125	0.5	1	0	3971	574	0.8333333333333334	0	54	108
1	#	0	1	0	1	0	0.03125	0.5	2	0	3942	574	0.8333333333333334	0	53	106
1	0	0	0	1	#	1	1.0	1.0	10	0	3938	578	0.8333333333333334	0	106	106
0	0	#	0	0	1	0	0.02981676068313592	0.4953271028037383	5	0	3950	578	0.8333333333333334	0	53	107
#	0	0	1	0	0	0	1.0	1.0	8	0	3966	584	0.8333333333333334	0	106	106
#	0	1	#	1	0	1	1.0	1.0	11	0	3978	585	0.6666666666666666	0	213	213
#	1	#	0	1	#	0	0.23916735251118634	0.7511737089201878	8	0	3985	586	0.5	0	320	426
0	0	0	1	#	#	1	0.0	0.0	1	0	591	591	0.6666666666666666	0	0	212
1	#	0	1	0	0	0	1.0	1.0	10	0	3970	592	0.8333333333333334	0	106	106
1	#	#	#	1	1	1	1.0	1.0	9	0	3997	594	0.5	0	427	427
#	0	#	#	1	0	1	0.2373046875	0.75	7	0	3978	596	0.5	0	318	424
1	1	0	0	0	1	0	0.0	0.0	2	0	600	600	1.0	0	0	54
1	#	0	0	#	1	1	0.23916735251118634	0.7511737089201878	6	0	3996	601	0.6666666666666666	0	160	213
0	0	0	1	1	0	0	1.0	1.0	9	0	3952	601	1.0	0	53	53
1	0	1	0	0	1	0	1.0	1.0	12	0	3955	603	1.0	0	53	53
1	0	1	#	1	#	1	1.0	1.0	15	0	3997	607	0.6666666666666666	0	212	212
0	0	0	1	1	#	0	1.0	1.0	6	0	3960	610	0.8333333333333334	0	106	106
0	1	1	#	1	0	0	0.03125	0.5	5	0	3981	611	0.8333333333333334	0	53	106
1	1	1	1	0	0	0	1.0	1.0	13	0	3974	612	1.0	0	53	53
1	0	#	0	0	1	0	1.0	1.0	12	0	3977	613	0.8333333333333334	0	106	106
0	1	#	#	0	1	1	0.03125	0.5	3	0	3998	615	0.6666666666666666	0	106	212
#	0	1	#	1	#	1	1.0	1.0	13	0	3997	616	0.5	0	421	421
#	1	#	#	1	0	1	0.0009765625	0.25	3	0	3968	618	0.5	0	106	424
1	1	1	0	#	0	0	1.0	1.0	14	0	3992	618	0.8333333333333334	0	106	106
0	1	1	1	0	#	1	1.0	1.0	11	0	3980	619	0.8333333333333334	0	106	106
0	1	#	0	0	1	1	0.0	0.0	1	0	620	620	0.8333333333333334	0	0	106
#	1	0	1	0	1	1	1.0	1.0	6	0	3998	621	0.8333333333333334	0	105	105
0	#	0	#	1	1	0	0.2373046875	0.75	7	0	3972	624	0.6666666666666666	0	159	212
0	0	#	#	1	#	0	0.03125	0.5	5	0	3976	626	0.5	0	211	422
0	1	#	0	1	#	0	1.0	1.0	8	0	3985	627	0.6666666666666666	0	211	211
1	0	1	#	1	#	0	0.0	0.0	2	0	628	628	0.6666666666666666	0	0	210
1	0	1	#	0	#	0	1.0	1.0	8	0	3999	628	0.6666666666666666	0	211	211
1	#	#	0	0	1	0	0.030516464645079823	0.4976303317535545	2	0	3977	632	0.6666666666666666	0	105	211
#	#	1	1	0	0	1	0.030516464645079823	0.4976303317535545	4	0	3969	633	0.6666666666666666	0	105	211
0	1	1	#	0	#	0	0.03125	0.5	4	0	3982	634	0.6666666666666666	0	105	210
0	0	1	1	1	0	1	1.0	1.0	12	0	3943	636	1.0	0	52	52
#	1	0	0	1	0	1	0.0	0.0	1	0	636	636	0.8333333333333334	0	0	105
0	1	0	#	1	0	0	0.032766711146467724	0.5047619047619047	3	0	3985	640	0.8333333333333334	0	53	105
0	#	0	1	0	1	0	0.03125	0.5	5	0	3973	641	0.8333333333333334	0	53	106
1	#	0	0	#	1	0	0.0010239597233271164	0.2523809523809524	3	0	3977	646	0.6666666666666666	0	53	210
0	0	#	0	1	1	1	0.032766711146467724	0.5047619047619047	5	0	3987	646	0.8333333333333334	0	53	105
#	1	1	0	0	#	0	0.23543615595810224	0.7488151658767772	4	0	3992	650	0.6666666666666666	0	158	211
0	1	1	1	0	0	1	1.0	1.0	9	0	3957	651	1.0	0	52	52
0	1	1	#	#	#	1	0.030877092579160565	0.4988009592326139	2	0	3980	653	0.5	0	208	417
1	0	0	1	#	1	0	0.02978998076688114	0.49523809523809526	2	0	3942	655	0.8333333333333334	0	52	105
1	1	0	1	#	0	0	1.0	1.0	10	0	3970	656	0.8333333333333334	0	104	104
0	#	0	0	0	1	1	0.0	0.0	1	0	660	660	0.8333333333333334	0	0	104
1	1	0	0	1	1	1	1.0	1.0	9	0	3964	666	1.0	0	52	52
0	#	0	1	#	0	1	0.03125	0.5	4	0	3968	666	0.6666666666666666	0	104	208
0	1	0	0	#	1	1	0.0	0.0	1	0	667	667	0.8333333333333334	0	0	104
0	1	0	#	1	0	1	0.03125	0.5	3	0	3968	669	0.8333333333333334	0	52	104
1	1	#	1	1	0	0	1.0	1.0	8	0	3986	669	0.8333333333333334	0	104	104
1	#	1	#	0	0	0	1.0	1.0	11	0	3992	677	0.6666666666666666	0	208	208
0	1	#	#	1	#	1	0.03125	0.5	6	0	3995	678	0.5	0	208	416
1	1	#	#	#	0	1	0.0	0.0	1	0	679	679	0.5	0	0	416
1	0	1	#	0	0	0	1.0	1.0	7	0	3989	681	0.8333333333333334	0	104	104
1	1	1	0	1	0	1	0.0	0.0	2	0	684	684	1.0	0	0	52
#	#	0	1	0	#	1	0.007208640141632674	0.3728813559322034	1	0	3998	686	0.5	0	154	413
#	0	1	#	0	0	0	0.03125	0.5	5	0	3989	687	0.6666666666666666	0	104	208
0	#	1	1	#	1	1	1.0	1.0	7	0	3990	688	0.6666666666666666	0	208	208
1	0	#	0	#	1	1	0.03125	0.5	2	0	3997	691	0.6666666666666666	0	103	206
0	#	0	1	1	1	0	0.03125	0.5	3	0	3960	695	0.8333333333333334	0	52	104
1	#	1	0	0	0	0	1.0	1.0	6	0	3992	695	0.8333333333333334	0	104	104
0	#	0	0	#	#	1	0.0	0.0	2	0	699	699	0.5	0	0	413
1	1	0	#	1	0	0	1.0	1.0	10	0	3965	701	0.8333333333333334	0	102	102
1	1	0	1	0	1	1	1.0	1.0	4	0	3945	709	1.0	0	51	51
1	0	1	0	1	1	1	1.0	1.0	12	0	3997	710	1.0	0	52	52
1	0	0	#	#	1	1	0.03125	0.5	3	0	3991	710	0.6666666666666666	0	103	206
1	0	0	1	#	#	0	0.030495204742989977	0.4975609756097561	2	0	3966	711	0.6666666666666666	0	102	205
1	0	0	0	#	#	0	0.03201966753389402	0.5024390243902439	3	0	3994	714	0.6666666666666666	0	103	205
0	#	0	0	1	#	1	0.0	0.0	1	0	717	717	0.6666666666666666	0	0	205
1	0	#	#	1	0	1	1.0	1.0	9	0	3947	721	0.6666666666666666	0	204	204
1	0	0	0	1	#	0	0.0	0.0	1	0	725	725	0.8333333333333334	0	0	102
#	0	1	0	#	0	0	0.0009765625	0.25	1	0	3989	730	0.6666666666666666	0	51	204
1	#	0	0	1	#	1	0.2373046875	0.75	8	0	3964	736	0.6666666666666666	0	153	204
#	0	#	#	0	1	0	0.2373046875	0.75	4	0	3999	737	0.5	0	306	408
1	0	1	#	#	0	0	0.03202732517664226	0.5024630541871922	1	0	3989	738	0.6666666666666666	0	102	203
#	0	1	#	#	#	1	0.23633451428029112	0.7493857493857494	3	0	3997	739	0.3333333333333333	0	610	814
1	1	1	1	#	0	0	1.0	1.0	7	0	3986	741	0.8333333333333334	0	102	102
1	0	0	1	#	0	0	0.03125	0.5	5	0	3966	742	0.8333333333333334	0	51	102
#	0	1	#	0	1	0	0.03125	0.5	4	0	3999	748	0.6666666666666666	0	102	204
1	0	#	#	#	0	1	0.0297333027377109	0.49504950495049505	2	0	3947	749	0.5	0	200	404
#	0	0	#	1	#	0	0.03242468166808801	0.5037037037037037	2	0	3976	751	0.5	0	204	405
#	1	#	1	0	1	1	1.0	1.0	4	0	3998	752	0.6666666666666666	0	202	202
#	0	0	#	1	0	1	0.030480333386234557	0.4975124378109453	3	0	3947	752	0.6666666666666666	0	100	201
0	0	0	1	0	1	0	1.0	1.0	14	0	3973	753	1.0	0	51	51
#	0	0	1	1	0	0	0.03125	0.5	1	0	3952	753	0.8333333333333334	0	50	100
1	0	#	#	0	1	0	1.0	1.0	10	0	3999	755	0.6666666666666666	0	202	202
0	0	1	1	0	#	1	1.0	1.0	8	0	3969	758	0.8333333333333334	0	101	101
1	#	1	#	0	1	0	0.03125	0.5	2	0	3999	758	0.6666666666666666	0	101	202
#	1	0	#	0	#	0	0.03202732517664226	0.5024630541871922	3	0	3970	759	0.5	0	204	406
0	#	#	1	0	1	1	0.23536276106000156	0.7487684729064039	3	0	3998	761	0.6666666666666666	0	152	203
1	#	1	#	1	0	1	0.0297333027377109	0.49504950495049505	2	0	3939	763	0.6666666666666666	0	100	202
0	0	0	0	1	1	0	1.0	1.0	6	0	3971	768	1.0	0	51	51
#	0	1	#	1	0	0	0.0	0.0	2	0	769	769	0.6666666666666666	0	0	201
0	1	0	1	#	#	0	0.0	0.0	2	0	773	773	0.6666666666666666	0	0	202
1	0	1	0	0	1	1	0.0	0.0	1	0	778	778	1.0	0	0	50
#	0	#	1	#	0	0	0.031641599121111974	0.5012468827930174	4	0	3984	778	0.5	0	201	401
#	#	#	0	0	#	0	0.235343502496118	0.7487562189054726	3	0	3994	790	0.3333333333333333	0	602	804
1	1	#	0	1	0	0	1.0	1.0	11	0	3975	793	0.8333333333333334	0	100	100
0	0	1	1	0	1	1	1.0	1.0	7	0	3953	794	1.0	0	50	50
#	0	#	0	0	1	0	0.2373046875	0.75	7	0	3977	798	0.6666666666666666	0	150	200
#	#	0	#	1	0	0	0.095367431640625	0.625	1	0	3985	799	0.5	0	250	400
#	0	0	1	1	#	0	0.03125	0.5	2	0	3960	800	0.6666666666666666	0	100	200
1	0	1	#	0	#	1	0.0	0.0	1	0	807	807	0.6666666666666666	0	0	200
0	0	0	0	0	1	0	1.0	1.0	6	0	3950	810	1.0	0	50	50
1	0	0	#	1	0	0	0.0	0.0	1	0	811	811	0.8333333333333334	0	0	98
0	#	1	#	#	#	1	0.2382975927545636	0.7506265664160401	2	0	3990	814	0.3333333333333333	0	599	798
1	0	1	1	0	#	0	1.0	1.0	5	0	3999	817	0.8333333333333334	0	100	100
0	1	1	0	0	1	0	1.0	1.0	12	0	3982	819	1.0	0	50	50
0	#	0	0	1	1	1	0.0	0.0	2	0	820	820	0.8333333333333334	0	0	100
#	0	1	1	0	#	1	0.030472675780659153	0.49748743718592964	4	0	3969	822	0.6666666666666666	0	99	199
#	0	0	0	#	1	1	0.000928227538466699	0.2474747474747475	1	0	3938	827	0.6666666666666666	0	49	198
1	0	#	#	0	#	1	0.0	0.0	1	0	828	828	0.5	0	0	398
1	#	0	#	1	#	1	0.23831277732850406	0.7506361323155216	6	0	3991	829	0.5	0	295	393
0	0	0	#	0	1	0	1.0	1.0	11	0	3973	839	0.8333333333333334	0	98	98
0	1	1	0	1	#	1	0.0	0.0	1	0	840	840	0.8333333333333334	0	0	99
1	#	1	#	#	#	0	0.03164656852705279	0.5012626262626263	1	0	3999	841	0.3333333333333333	0	397	792
0	0	1	1	1	1	1	1.0	1.0	6	0	3990	841	1.0	0	50	50
#	0	1	0	1	1	1	1.0	1.0	5	0	3997	844	0.8333333333333334	0	100	100
1	1	0	#	1	1	1	1.0	1.0	12	0	3964	846	0.8333333333333334	0	98	98
0	#	1	0	#	1	0	0.030464864277039455	0.49746192893401014	3	0	3982	849	0.6666666666666666	0	98	197
0	1	0	#	1	#	0	0.030464864277039455	0.49746192893401014	1	0	3985	850	0.6666666666666666	0	98	197
1	#	1	0	0	1	0	0.029703281230934367	0.494949494949495	4	0	3955	851	0.8333333333333334	0	49	99
0	0	0	1	#	1	0	1.0	1.0	8	0	3973	856	0.8333333333333334	0	98	98
1	#	#	#	0	0	1	0.0	0.0	1	0	858	858	0.5	0	0	392
0	1	1	#	#	1	0	0.03125	0.5	2	0	3982	865	0.6666666666666666	0	98	196
0	#	#	1	#	#	0	0.0009765625	0.25	2	0	3973	867	0.3333333333333333	0	196	784
1	#	1	1	#	0	0	0.24345215148144456	0.7538461538461538	8	0	3986	869	0.6666666666666666	0	147	195
#	#	#	#	0	#	1	0.007360653444323607	0.3744408945686901	1	0	3998	871	0.16666666666666666	0	586	1565
1	0	1	#	1	1	1	1.0	1.0	10	0	3997	874	0.8333333333333334	0	98	98
#	0	0	0	0	1	0	1.0	1.0	9	0	3977	874	0.8333333333333334	0	98	98
0	0	#	1	0	0	0	0.03125	0.5	5	0	3962	876	0.8333333333333334	0	49	98
1	0	0	0	0	0	1	0.0	0.0	2	0	888	888	1.0	0	0	49
#	1	0	0	0	1	0	0.03125	0.5	4	0	3967	889	0.8333333333333334	0	49	98
0	1	1	#	#	0	1	0.030448760638390616	0.49740932642487046	2	0	3957	891	0.6666666666666666	0	96	193
1	#	0	0	1	#	0	0.0009515237699497068	0.24870466321243523	1	0	3949	891	0.6666666666666666	0	48	193
0	0	0	1	1	#	1	0.0	0.0	2	0	894	894	0.8333333333333334	0	0	96
0	0	#	1	1	0	0	0.03125	0.5	4	0	3952	903	0.8333333333333334	0	48	96
1	0	1	1	1	0	1	1.0	1.0	7	0	3939	904	1.0	0	48	48
#	1	0	1	#	0	1	0.03125	0.5	1	0	3968	905	0.6666666666666666	0	96	192
1	#	1	1	0	#	1	0.0009272514843591112	0.24742268041237114	1	0	3941	908	0.6666666666666666	0	48	194
1	#	#	#	1	0	0	0.03165795792034405	0.5012987012987012	6	0	3986	908	0.5	0	193	385
0	1	0	0	0	#	1	0.0	0.0	1	0	911	911	0.8333333333333334	0	0	96
#	#	#	#	1	1	1	0.2403865252435786	0.751937984496124	5	0	3997	912	0.3333333333333333	0	582	774
#	0	1	0	0	#	1	0.030448760638390616	0.49740932642487046	4	0	3983	912	0.6666666666666666	0	96	193
#	1	0	#	1	0	0	0.2373046875	0.75	2	0	3985	921	0.6666666666666666	0	144	192
0	0	#	#	#	1	0	0.03125	0.5	5	0	3973	924	0.5	0	192	384
0	0	0	1	0	0	0	1.0	1.0	11	0	3962	925	1.0	0	48	48
0	#	1	#	0	#	1	0.2373046875	0.75	6	0	3983	925	0.5	0	288	384
#	0	1	0	1	1	0	0.0	0.0	1	0	928	928	0.8333333333333334	0	0	96
#	1	#	1	1	0	0	0.03125	0.5	1	0	3986	928	0.6666666666666666	0	96	192
0	1	#	#	0	1	0	0.03125	0.5	7	0	3982	931	0.6666666666666666	0	96	192
1	1	1	1	#	#	1	0.030440458544253514	0.4973821989528796	1	0	3944	933	0.6666666666666666	0	95	191
1	1	#	1	#	0	0	1.0	1.0	12	0	3986	936	0.6666666666666666	0	192	192
0	0	#	#	1	1	0	0.03125	0.5	1	0	3971	937	0.6666666666666666	0	96	192
1	0	#	#	1	1	1	1.0	1.0	9	0	3997	940	0.6666666666666666	0	191	191
0	#	0	1	#	0	0	0.03207667389636223	0.5026178010471204	3	0	3962	940	0.6666666666666666	0	96	191
#	1	#	0	1	0	1	0.0	0.0	1	0	941	941	0.6666666666666666	0	0	191
#	1	1	1	#	#	1	0.2342067575938101	0.7480314960629921	5	0	3980	948	0.5	0	285	381
0	1	1	0	1	#	0	1.0	1.0	8	0	3981	948	0.8333333333333334	0	95	95
1	0	1	0	#	0	0	0.03292972928788389	0.5052631578947369	3	0	3989	950	0.8333333333333334	0	48	95
1	0	1	1	0	1	0	1.0	1.0	8	0	3999	952	1.0	0	48	48
0	0	#	1	0	1	0	0.03292972928788389	0.5052631578947369	3	0	3973	952	0.8333333333333334	0	48	95
#	1	0	1	0	1	0	0.0	0.0	1	0	953	953	0.8333333333333334	0	0	95
#	0	1	#	0	#	1	0.03125	0.5	2	0	3983	954	0.5	0	191	382
0	#	1	#	#	0	0	0.0009765625	0.25	1	0	3981	956	0.5	0	95	380
#	#	0	1	1	0	0	0.03125	0.5	1	0	3965	956	0.6666666666666666	0	95	190
#	1	1	#	1	1	0	0.0009765625	0.25	2	0	3948	969	0.6666666666666666	0	47	188
#	0	0	0	0	0	1	0.0	0.0	2	0	973	973	0.8333333333333334	0	0	95
#	#	0	0	1	#	1	0.007317939458699214	0.3740053050397878	1	0	3964	975	0.5	0	141	377
1	1	1	0	0	0	0	1.0	1.0	13	0	3992	978	1.0	0	48	48
1	#	#	#	#	0	0	0.23835563664072584	0.7506631299734748	4	0	3994	981	0.3333333333333333	0	566	754
1	#	1	#	0	#	0	0.23626296528376703	0.7493403693931399	1	0	3999	983	0.5	0	284	379
0	0	#	0	#	0	1	0.03125	0.5	2	0	3979	988	0.6666666666666666	0	94	188
0	1	#	1	#	0	1	1.0	1.0	5	0	3968	989	0.6666666666666666	0	188	188
1	1	0	0	1	#	1	0.03125	0.5	3	0	3964	991	0.8333333333333334	0	47	94
#	1	0	1	#	0	0	0.03125	0.5	2	0	3970	995	0.6666666666666666	0	94	188
0	1	1	1	#	#	1	1.0	1.0	13	0	3980	998	0.6666666666666666	0	188	188
0	1	0	1	1	#	1	1.0	1.0	5	0	3995	999	0.8333333333333334	0	94	94
0	0	0	0	#	1	0	1.0	1.0	13	0	3971	1000	0.8333333333333334	0	94	94
0	#	#	1	#	1	1	0.2373046875	0.75	2	0	3998	1002	0.5	0	282	376
#	1	0	1	#	#	1	0.23519719919186724	0.7486631016042781	4	0	3998	1004	0.5	0	280	374
0	0	1	1	0	0	1	1.0	1.0	6	0	3969	1004	1.0	0	47	47
1	#	1	#	1	1	1	1.0	1.0	10	0	3997	1007	0.6666666666666666	0	187	187
1	1	#	0	1	1	1	1.0	1.0	15	0	3964	1010	0.8333333333333334	0	94	94
#	0	0	1	#	#	1	0.000963541853091566	0.24932975871313673	1	0	3991	1012	0.5	0	93	373
1	1	1	#	1	1	1	1.0	1.0	13	0	3958	1012	0.8333333333333334	0	93	93
1	0	#	1	1	1	1	1.0	1.0	9	0	3991	1013	0.8333333333333334	0	94	94
1	1	1	#	#	#	0	0.03209454590054096	0.5026737967914439	3	0	3992	1013	0.5	0	188	374
1	#	0	#	#	1	0	0.0009765625	0.25	1	0	3977	1015	0.5	0	93	372
#	0	1	1	0	0	0	0.03125	0.5	2	0	3984	1015	0.8333333333333334	0	47	94
0	0	#	1	0	#	1	0.03042332732821841	0.49732620320855614	4	0	3969	1017	0.6666666666666666	0	93	187
0	#	1	1	0	#	1	1.0	1.0	5	0	3980	1021	0.6666666666666666	0	186	186
0	1	#	#	#	1	0	0.030418930639496904	0.49731182795698925	3	0	3982	1030	0.5	0	185	372
#	1	0	#	0	0	0	0.2373046875	0.75	3	0	3970	1031	0.6666666666666666	0	138	184
0	1	0	1	0	1	0	0.0	0.0	2	0	1040	1040	1.0	0	0	47
0	1	1	#	0	1	0	0.03125	0.5	3	0	3982	1043	0.8333333333333334	0	46	92
#	#	#	0	#	#	0	0.09478773128947447	0.6242383209207854	4	0	3994	1046	0.16666666666666666	0	922	1477
#	1	0	0	1	1	0	0.03125	0.5	1	0	3972	1047	0.8333333333333334	0	46	92
1	#	1	0	#	0	0	0.2373046875	0.75	2	0	3992	1048	0.6666666666666666	0	138	184
#	1	#	1	1	#	1	0.2373046875	0.75	6	0	3995	1052	0.5	0	276	368
0	1	1	0	0	1	1	0.0	0.0	5	0	1055	1055	1.0	0	0	46
0	0	1	0	1	#	1	1.0	1.0	6	0	3987	1057	0.8333333333333334	0	92	92
1	#	#	#	#	#	0	0.03167807580915552	0.5013623978201635	2	0	3999	1060	0.16666666666666666	0	736	1468
#	#	0	0	0	#	0	0.512908935546875	0.875	7	0	3994	1063	0.5	0	322	368
0	1	0	#	1	1	0	0.03125	0.5	8	0	3972	1064	0.8333333333333334	0	46	92
1	0	#	#	0	1	1	0.0	0.0	2	0	1067	1067	0.6666666666666666	0	0	183
0	#	0	1	#	#	0	0.03167807580915552	0.5013623978201635	3	0	3973	1070	0.5	0	184	367
1	1	0	#	0	#	0	0.03039622655733291	0.4972375690607735	2	0	3970	1090	0.6666666666666666	0	90	181
1	1	1	#	0	#	1	0.030405455433436018	0.4972677595628415	3	0	3993	1093	0.6666666666666666	0	91	183
1	#	1	#	1	#	1	0.23299017196734473	0.7472527472527473	8	0	3997	1094	0.5	0	272	364
0	0	#	#	1	0	0	0.03039622655733291	0.4972375690607735	3	0	3976	1097	0.6666666666666666	0	90	181
#	0	1	1	1	0	1	1.0	1.0	6	0	3943	1104	0.8333333333333334	0	90	90
1	1	#	1	0	#	1	0.03125	0.5	2	0	3945	1108	0.6666666666666666	0	90	180
#	0	#	#	1	1	1	0.24059140593162093	0.7520661157024794	3	0	3997	1108	0.5	0	273	363
0	0	1	#	#	#	1	1.0	1.0	7	0	3990	1109	0.5	0	361	361
1	1	#	1	1	#	0	0.03125	0.5	1	0	3986	1110	0.6666666666666666	0	90	180
1	1	#	0	#	1	1	1.0	1.0	4	0	3996	1118	0.6666666666666666	0	180	180
0	0	#	1	0	#	0	0.03125	0.5	1	0	3973	1118	0.6666666666666666	0	90	180
0	0	0	1	1	1	0	1.0	1.0	4	0	3960	1122	1.0	0	45	45
0	1	1	#	#	1	1	0.03125	0.5	4	0	3980	1125	0.6666666666666666	0	90	180
0	#	1	1	#	1	0	0.0	0.0	2	0	1126	1126	0.6666666666666666	0	0	180
0	0	1	#	1	0	1	1.0	1.0	8	0	3978	1127	0.8333333333333334	0	89	89
1	0	#	1	1	#	1	1.0	1.0	8	0	3991	1128	0.6666666666666666	0	179	179
1	0	0	1	#	#	1	0.03125	0.5	2	0	3991	1132	0.6666666666666666	0	89	178
1	1	#	#	1	0	1	0.0	0.0	2	0	1132	1132	0.6666666666666666	0	0	180
0	#	#	0	1	0	0	0.2373046875	0.75	3	0	3985	1133	0.6666666666666666	0	135	180
#	0	1	0	1	#	1	1.0	1.0	8	0	3997	1134	0.6666666666666666	0	179	179
0	1	0	0	1	#	1	0.0	0.0	1	0	1138	1138	0.8333333333333334	0	0	90
0	#	#	1	#	1	0	0.000990239632802394	0.25069637883008355	1	0	3973	1139	0.5	0	90	359
0	1	1	0	0	0	1	0.0	0.0	1	0	1140	1140	1.0	0	0	44
0	#	#	1	0	#	1	0.23510336054033673	0.7486033519553073	3	0	3998	1140	0.5	0	268	358
0	#	#	1	1	1	1	0.2373046875	0.75	6	0	3995	1142	0.6666666666666666	0	135	180
1	1	1	0	0	1	1	1.0	1.0	7	0	3993	1142	1.0	0	45	45
1	1	#	#	1	#	1	0.030377150226468558	0.4971751412429379	3	0	3964	1150	0.5	0	176	354
#	0	#	0	1	0	1	0.23289394275505867	0.7471910112359551	1	0	3978	1152	0.6666666666666666	0	133	178
0	0	1	#	0	0	1	1.0	1.0	9	0	3979	1153	0.8333333333333334	0	89	89
#	#	0	0	0	0	1	0.0	0.0	3	0	1155	1155	0.6666666666666666	0	0	177
0	0	1	1	#	1	0	0.0	0.0	2	0	1157	1157	0.8333333333333334	0	0	89
#	#	#	1	0	#	0	0.03125	0.5	3	0	3999	1158	0.3333333333333333	0	354	708
1	1	#	#	#	1	0	0.0	0.0	1	0	1161	1161	0.5	0	0	354
#	1	#	0	1	#	1	0.0009492859445771424	0.24858757062146894	1	0	3964	1164	0.5	0	88	354
0	#	1	0	1	0	0	0.03125	0.5	2	0	3981	1174	0.8333333333333334	0	44	88
1	1	1	0	1	1	1	1.0	1.0	7	0	3958	1177	1.0	0	44	44
1	1	#	0	#	#	1	0.031695149519888235	0.5014164305949008	4	0	3996	1178	0.5	0	177	353
#	#	0	1	0	0	0	0.2373046875	0.75	6	0	3970	1182	0.6666666666666666	0	132	176
1	0	1	#	1	0	1	1.0	1.0	7	0	3939	1183	0.8333333333333334	0	88	88
1	0	1	#	#	#	0	0.03169770043735332	0.5014245014245015	2	0	3999	1184	0.5	0	176	351
#	1	1	#	0	1	0	0.0009765625	0.25	2	0	3982	1185	0.6666666666666666	0	44	176
#	0	0	#	#	0	0	0.24070441269615173	0.7521367521367521	2	0	3994	1185	0.5	0	264	351
1	#	0	#	#	0	0	0.24302536700489197	0.7535816618911175	4	0	3994	1199	0.5	0	263	349
1	#	#	0	1	1	1	1.0	1.0	7	0	3997	1205	0.6666666666666666	0	175	175
1	0	0	#	1	1	1	1.0	1.0	10	0	3991	1206	0.8333333333333334	0	87	87
#	0	#	1	0	1	0	0.24188572379757858	0.7528735632183908	7	0	3999	1208	0.6666666666666666	0	131	174
1	0	#	1	#	1	0	0.03036728879614447	0.49714285714285716	4	0	3999	1209	0.6666666666666666	0	87	175
0	1	#	1	0	#	0	0.0	0.0	2	0	1215	1215	0.6666666666666666	0	0	174
1	0	#	0	1	0	1	1.0	1.0	3	0	3937	1216	0.8333333333333334	0	86	86
1	1	1	0	0	0	1	0.0	0.0	1	0	1217	1217	1.0	0	0	44
0	0	#	#	1	0	1	0.03125	0.5	3	0	3978	1217	0.6666666666666666	0	87	174
0	#	0	1	#	#	1	0.031702890995480223	0.5014409221902018	3	0	3998	1220	0.5	0	174	347
1	1	0	#	#	#	0	0.03079971934900137	0.4985507246376812	2	0	3970	1224	0.5	0	172	345
#	1	#	#	0	1	1	0.2373046875	0.75	7	0	3998	1229	0.5	0	261	348
#	#	#	1	0	0	0	0.09619960313488579	0.6260869565217392	4	0	3984	1229	0.5	0	216	345
1	1	#	0	1	#	1	0.03125	0.5	3	0	3964	1234	0.6666666666666666	0	86	172
0	0	#	1	0	0	1	0.03125	0.5	3	0	3969	1246	0.8333333333333334	0	43	86
0	1	0	0	#	#	1	0.0	0.0	2	0	1250	1250	0.6666666666666666	0	0	172
1	1	0	1	0	0	0	1.0	1.0	5	0	3970	1251	1.0	0	43	43
0	0	1	0	#	#	1	1.0	1.0	6	0	3987	1252	0.6666666666666666	0	172	172
#	1	0	0	#	0	1	0.0	0.0	1	0	1265	1265	0.6666666666666666	0	0	171
0	0	#	#	0	0	1	0.032174492419382174	0.5029239766081871	3	0	3979	1266	0.6666666666666666	0	86	171
0	#	#	0	1	1	1	0.001005452888105693	0.25146198830409355	4	0	3987	1267	0.6666666666666666	0	43	171
#	0	#	#	#	1	1	0.031479441011203486	0.5007320644216691	3	0	3997	1268	0.3333333333333333	0	342	683
1	1	0	1	0	0	1	0.0	0.0	1	0	1270	1270	1.0	0	0	43
1	0	#	0	0	0	1	0.0	0.0	1	0	1273	1273	0.8333333333333334	0	0	86
0	1	#	1	0	0	1	1.0	1.0	10	0	3957	1275	0.8333333333333334	0	84	84
1	1	0	1	1	0	0	1.0	1.0	4	0	3965	1277	1.0	0	42	42
0	0	#	#	0	#	1	0.03217999458990412	0.5029411764705882	1	0	3983	1278	0.5	0	171	340
1	#	#	1	0	0	0	1.0	1.0	4	0	3984	1278	0.6666666666666666	0	171	171
0	0	#	0	1	#	0	0.03125	0.5	5	0	3976	1282	0.6666666666666666	0	86	172
1	1	1	1	0	1	1	1.0	1.0	7	0	3941	1283	1.0	0	42	42
#	0	1	1	#	#	1	0.23268800595412076	0.7470588235294118	4	0	3990	1285	0.5	0	254	340
1	1	0	1	#	#	1	0.03125	0.5	6	0	3951	1292	0.6666666666666666	0	84	168
#	0	#	1	#	1	0	0.030341632081831132	0.4970588235294118	1	0	3999	1294	0.5	0	169	340
#	1	0	0	#	1	1	0.03218556264100162	0.5029585798816568	1	0	3996	1296	0.6666666666666666	0	85	169
1	1	1	1	1	#	0	0.03313199974363615	0.5058823529411764	2	0	3986	1297	0.8333333333333334	0	43	85
#	#	#	0	0	0	1	2.9190931981896723e-05	0.12389380530973451	1	0	3979	1298	0.5	0	42	339
1	1	#	0	0	#	1	0.032174492419382174	0.5029239766081871	1	0	3996	1300	0.6666666666666666	0	86	171
1	0	#	0	#	#	0	0.03125	0.5	4	0	3994	1301	0.5	0	169	338
1	1	0	1	1	#	1	0.03125	0.5	1	0	3951	1303	0.8333333333333334	0	42	84
1	0	0	1	1	1	1	1.0	1.0	7	0	3991	1306	1.0	0	42	42
#	0	0	0	1	#	1	0.03125	0.5	3	0	3938	1307	0.6666666666666666	0	84	168
#	0	#	1	1	0	1	0.2373046875	0.75	4	0	3947	1314	0.6666666666666666	0	126	168
0	#	#	#	#	#	0	0.031483556508780736	0.5007451564828614	3	0	3985	1319	0.16666666666666666	0	672	1342
0	1	0	#	#	#	1	0.030786358374298415	0.49850746268656715	1	0	3998	1322	0.5	0	167	335
#	0	#	#	1	#	1	0.23376289008649898	0.7477477477477478	4	0	3997	1323	0.3333333333333333	0	498	666
0	0	#	#	#	0	0	0.03125	0.5	1	0	3976	1326	0.5	0	167	334
0	1	#	#	#	1	1	0.03171921081959406	0.5014925373134328	2	0	3998	1331	0.5	0	168	335
1	#	0	1	1	1	1	1.0	1.0	11	0	3991	1332	0.8333333333333334	0	83	83
0	1	0	1	0	#	1	1.0	1.0	7	0	3998	1332	0.8333333333333334	0	83	83
#	1	1	#	1	#	0	0.03172204582824583	0.5015015015015015	2	0	3986	1333	0.5	0	167	333
0	#	0	0	#	1	1	0.0	0.0	2	0	1334	1334	0.6666666666666666	0	0	167
0	0	1	0	#	1	0	0.0	0.0	2	0	1335	1335	0.8333333333333334	0	0	84
0	1	1	1	#	1	0	0.0	0.0	1	0	1339	1339	0.8333333333333334	0	0	83
1	1	#	#	1	1	1	1.0	1.0	8	0	3964	1351	0.6666666666666666	0	164	164
#	0	0	#	#	1	0	0.2337200904802411	0.7477203647416414	2	0	3977	1354	0.5	0	246	329
1	#	#	1	1	1	1	1.0	1.0	7	0	3991	1356	0.6666666666666666	0	166	166
1	#	1	0	#	#	0	0.03125	0.5	3	0	3992	1357	0.5	0	166	332
#	0	0	1	1	1	0	0.029412288803337433	0.4939759036144578	1	0	3960	1360	0.8333333333333334	0	41	83
#	1	1	0	#	#	0	0.23491733582616642	0.7484848484848485	3	0	3992	1364	0.5	0	247	330
#	#	1	0	0	0	1	0.0009765625	0.25	1	0	3979	1368	0.6666666666666666	0	41	164
0	1	1	0	1	1	0	1.0	1.0	5	0	3948	1369	1.0	0	41	41
#	0	1	0	#	#	1	0.2385092773455079	0.7507598784194529	2	0	3997	1372	0.5	0	247	329
0	1	0	1	#	1	1	1.0	1.0	7	0	3998	1379	0.8333333333333334	0	82	82
0	#	1	#	0	#	0	0.0009765625	0.25	2	0	3982	1391	0.5	0	82	328
0	0	0	0	#	0	1	0.0	0.0	2	0	1394	1394	0.8333333333333334	0	0	81
#	1	#	#	0	1	0	0.0010068882239005557	0.25153374233128833	1	0	3982	1404	0.5	0	82	326
1	1	0	#	1	#	0	0.03125	0.5	3	0	3965	1406	0.6666666666666666	0	80	160
1	#	#	0	#	#	1	0.030770714610780976	0.4984567901234568	2	0	3997	1408	0.3333333333333333	0	323	648
#	0	#	#	#	#	1	0.03125	0.5	2	0	3997	1409	0.16666666666666666	0	648	1296
0	1	#	1	#	1	0	0.0	0.0	1	0	1410	1410	0.6666666666666666	0	0	163
#	1	1	0	1	1	1	0.03125	0.5	2	0	3958	1416	0.8333333333333334	0	40	80
0	0	0	#	#	0	1	0.0	0.0	1	0	1419	1419	0.6666666666666666	0	0	160
0	#	0	1	0	0	0	0.03125	0.5	2	0	3962	1426	0.8333333333333334	0	40	80
#	0	0	0	1	#	0	0.03125	0.5	4	0	3976	1428	0.6666666666666666	0	80	160
1	1	1	#	0	#	0	0.03125	0.5	3	0	3992	1429	0.6666666666666666	0	81	162
0	#	#	#	1	1	0	0.03076626321556655	0.4984423676012461	3	0	3972	1430	0.5	0	160	321
#	0	1	1	#	0	1	0.2373046875	0.75	4	0	3969	1435	0.6666666666666666	0	120	160
1	1	1	#	1	0	0	1.0	1.0	8	0	3986	1435	0.8333333333333334	0	80	80
#	0	0	1	1	1	1	0.03125	0.5	5	0	3991	1438	0.8333333333333334	0	40	80
#	0	#	1	0	0	0	0.2373046875	0.75	2	0	3984	1439	0.6666666666666666	0	120	160
1	0	0	0	0	1	0	1.0	1.0	4	0	3977	1450	1.0	0	40	40
#	0	0	0	#	#	1	0.0009019380364992216	0.24605678233438485	3	0	3938	1451	0.5	0	78	317
#	0	#	1	1	0	0	0.0010734991245327447	0.25477707006369427	2	0	3952	1454	0.6666666666666666	0	40	157
1	#	1	0	1	1	1	1.0	1.0	5	0	3997	1458	0.8333333333333334	0	80	80
#	1	1	1	0	1	0	0.0	0.0	1	0	1460	1460	0.8333333333333334	0	0	79
#	1	#	1	#	1	1	1.0	1.0	5	0	3998	1473	0.5	0	315	315
0	#	1	0	1	#	0	0.030279579160790774	0.4968553459119497	2	0	3981	1478	0.6666666666666666	0	79	159
0	0	1	#	0	0	0	0.0	0.0	1	0	1482	1482	0.8333333333333334	0	0	79
1	0	1	#	0	1	0	1.0	1.0	7	0	3999	1484	0.8333333333333334	0	79	79
0	0	#	1	#	#	1	0.031752401269773765	0.5015974440894568	4	0	3990	1484	0.5	0	157	313
#	0	0	#	1	1	0	0.030267374574427543	0.4968152866242038	3	0	3971	1488	0.6666666666666666	0	78	157
0	1	1	0	#	1	0	1.0	1.0	6	0	3982	1489	0.8333333333333334	0	78	78
1	1	#	1	0	1	1	1.0	1.0	11	0	3945	1490	0.8333333333333334	0	78	78
#	#	1	#	1	0	1	0.095367431640625	0.625	2	0	3978	1490	0.5	0	195	312
#	1	1	1	#	0	0	0.03125	0.5	2	0	3986	1497	0.6666666666666666	0	78	156
1	#	#	1	0	#	1	0.0009610618228697715	0.24920127795527156	1	0	3945	1500	0.5	0	78	313
0	#	1	0	#	1	1	0.03125	0.5	4	0	3987	1501	0.6666666666666666	0	78	156
#	1	0	#	#	1	1	0.2373046875	0.75	3	0	3998	1503	0.5	0	234	312
#	0	#	1	1	1	1	0.2373046875	0.75	3	0	3991	1504	0.6666666666666666	0	117	156
1	1	1	#	1	#	1	0.03125	0.5	2	0	3958	1506	0.6666666666666666	0	78	156
#	0	0	#	1	1	1	0.030254859120342058	0.4967741935483871	4	0	3991	1510	0.6666666666666666	0	77	155
0	0	1	1	#	#	1	1.0	1.0	6	0	3990	1516	0.6666666666666666	0	155	155
1	#	0	1	1	#	1	0.23221250186065348	0.7467532467532467	5	0	3991	1520	0.6666666666666666	0	115	154
0	1	0	1	1	1	1	1.0	1.0	5	0	3995	1522	1.0	0	39	39
1	#	#	1	#	1	1	0.23601918300981134	0.749185667752443	3	0	3991	1522	0.5	0	230	307
#	1	1	#	1	0	0	0.2373046875	0.75	5	0	3986	1523	0.6666666666666666	0	117	156
1	0	1	0	#	#	1	0.03125	0.5	3	0	3997	1523	0.6666666666666666	0	77	154
#	0	1	#	0	#	0	0.03125	0.5	4	0	3999	1525	0.5	0	155	310
0	#	1	0	0	1	0	0.03125	0.5	2	0	3982	1527	0.8333333333333334	0	39	78
#	0	0	0	1	0	0	0.03333261677576752	0.5064935064935064	2	0	3976	1534	0.8333333333333334	0	39	77
#	#	0	1	0	1	1	0.03125	0.5	2	0	3998	1538	0.6666666666666666	0	77	154
0	0	0	0	0	0	1	0.0	0.0	1	0	1541	1541	1.0	0	0	38
1	1	1	1	#	1	1	1.0	1.0	4	0	3944	1543	0.8333333333333334	0	76	76
0	#	1	1	#	#	1	1.0	1.0	8	0	3990	1549	0.5	0	305	305
0	0	1	#	0	1	1	1.0	1.0	9	0	3983	1551	0.8333333333333334	0	76	76
1	1	1	0	#	1	1	1.0	1.0	6	0	3993	1554	0.8333333333333334	0	77	77
#	1	0	1	#	1	1	1.0	1.0	7	0	3998	1555	0.6666666666666666	0	154	154
1	0	1	0	1	#	0	0.0	0.0	1	0	1558	1558	0.8333333333333334	0	0	77
0	1	0	1	#	0	0	0.0	0.0	2	0	1559	1559	0.8333333333333334	0	0	76
#	0	0	#	#	0	1	0.0009606579135610022	0.24918032786885247	1	0	3947	1561	0.5	0	76	305
1	1	1	#	0	0	1	0.0	0.0	2	0	1563	1563	0.8333333333333334	0	0	76
1	#	#	0	1	#	1	0.23860427194515973	0.7508196721311475	5	0	3997	1564	0.5	0	229	305
1	#	#	0	1	0	1	0.029221486406584365	0.49333333333333335	3	0	3937	1569	0.6666666666666666	0	74	150
#	1	#	1	1	1	1	1.0	1.0	6	0	3995	1570	0.6666666666666666	0	152	152
1	#	1	0	0	0	1	0.0	0.0	1	0	1570	1570	0.8333333333333334	0	0	76
1	#	1	1	0	0	0	1.0	1.0	8	0	3984	1575	0.8333333333333334	0	76	76
#	0	#	0	1	#	0	0.0010262082067016658	0.25249169435215946	1	0	3976	1578	0.5	0	76	301
0	#	#	1	0	1	0	0.0009765625	0.25	2	0	3973	1578	0.6666666666666666	0	38	152
0	1	1	#	0	#	1	0.03125	0.5	1	0	3980	1582	0.6666666666666666	0	76	152
0	1	#	1	1	1	1	1.0	1.0	9	0	3995	1583	0.8333333333333334	0	76	76
1	1	0	1	0	#	0	0.03338963458106997	0.5066666666666667	5	0	3970	1585	0.8333333333333334	0	38	75
#	0	0	0	0	#	1	0.0	0.0	1	0	1589	1589	0.6666666666666666	0	0	150
0	1	1	0	1	1	1	0.0	0.0	1	0	1592	1592	1.0	0	0	37
1	1	0	#	#	0	1	0.0	0.0	1	0	1601	1601	0.6666666666666666	0	0	149
0	0	#	#	#	0	1	0.03177608244761707	0.5016722408026756	3	0	3979	1604	0.5	0	150	299
1	1	1	#	0	1	1	1.0	1.0	3	0	3993	1608	0.8333333333333334	0	75	75
1	#	#	#	1	#	0	0.0009683561389928893	0.24957841483979765	1	0	3986	1625	0.3333333333333333	0	148	593
1	1	#	#	0	#	1	0.03177964894694541	0.5016835016835017	1	0	3996	1626	0.5	0	149	297
0	0	1	1	#	1	1	1.0	1.0	7	0	3990	1632	0.8333333333333334	0	74	74
0	#	0	1	0	#	0	0.03125	0.5	7	0	3973	1632	0.6666666666666666	0	74	148
0	0	#	0	1	#	1	0.03125	0.5	6	0	3987	1638	0.6666666666666666	0	74	148
#	#	0	0	1	1	1	0.030201438353029086	0.4965986394557823	5	0	3964	1645	0.6666666666666666	0	73	147
#	1	0	1	0	#	1	0.23193602552357678	0.7465753424657534	2	0	3998	1648	0.6666666666666666	0	109	146
#	#	1	#	0	#	1	0.03098472140002536	0.4991482112436116	4	0	3993	1656	0.3333333333333333	0	293	587
0	0	#	#	0	1	0	0.03125	0.5	4	0	3973	1661	0.6666666666666666	0	73	146
1	1	1	1	0	#	0	0.033449861179010436	0.5068493150684932	4	0	3974	1662	0.8333333333333334	0	37	73
0	#	1	1	#	0	1	1.0	1.0	3	0	3969	1662	0.6666666666666666	0	145	145
1	#	0	1	#	0	0	0.2400448973229144	0.7517241379310344	3	0	3970	1665	0.6666666666666666	0	109	145
1	0	1	#	#	0	1	0.029167432617460975	0.4931506849315068	2	0	3939	1668	0.6666666666666666	0	72	146
1	1	#	#	1	1	0	0.0	0.0	2	0	1669	1669	0.6666666666666666	0	0	144
#	1	0	#	1	0	1	0.0009433492155900188	0.2482758620689655	1	0	3968	1675	0.6666666666666666	0	36	145
#	1	0	1	1	#	1	0.2400448973229144	0.7517241379310344	6	0	3995	1677	0.6666666666666666	0	109	145
0	0	1	#	1	#	1	1.0	1.0	6	0	3990	1684	0.6666666666666666	0	145	145
1	0	#	1	#	1	1	0.03125	0.5	4	0	3991	1685	0.6666666666666666	0	73	146
#	1	1	0	1	#	0	0.2373046875	0.75	3	0	3981	1686	0.6666666666666666	0	108	144
1	1	1	1	1	#	1	0.03125	0.5	2	0	3944	1689	0.8333333333333334	0	36	72
#	0	#	#	0	0	1	0.0009765625	0.25	1	0	3979	1690	0.5	0	72	288
#	#	0	1	0	0	1	0.0009765625	0.25	1	0	3940	1695	0.6666666666666666	0	36	144
1	1	#	1	1	1	1	1.0	1.0	10	0	3951	1697	0.8333333333333334	0	72	72
#	1	#	#	0	#	0	0.03125	0.5	5	0	3992	1699	0.3333333333333333	0	288	576
1	#	0	#	1	0	1	0.0301725180847762	0.4965034965034965	1	0	3947	1699	0.6666666666666666	0	71	143
0	0	#	1	#	1	1	0.03125	0.5	4	0	3990	1703	0.6666666666666666	0	72	144
1	1	0	#	#	#	1	0.03125	0.5	4	0	3996	1704	0.5	0	144	288
0	0	1	0	0	1	1	1.0	1.0	4	0	3983	1709	1.0	0	36	36
0	#	1	1	1	1	1	1.0	1.0	3	0	3990	1711	0.8333333333333334	0	72	72
1	1	1	0	0	#	1	0.03125	0.5	4	0	3993	1712	0.8333333333333334	0	36	72
#	#	#	1	1	0	1	0.09403177443395415	0.6232394366197183	2	0	3968	1713	0.5	0	177	284
#	0	#	0	0	0	1	0.0010111889532592253	0.2517482517482518	1	0	3979	1713	0.6666666666666666	0	36	143
1	1	0	1	0	1	0	0.0	0.0	1	0	1717	1717	1.0	0	0	35
1	1	#	1	#	#	0	0.03351357518182842	0.5070422535211268	1	0	3986	1718	0.5	0	144	284
#	0	1	1	0	0	1	0.03125	0.5	2	0	3969	1718	0.8333333333333334	0	36	72
#	#	1	1	#	#	1	0.23178621541003852	0.7464788732394366	4	0	3990	1719	0.3333333333333333	0	424	568
#	1	1	1	1	#	1	0.22900814666525524	0.7446808510638298	2	0	3959	1723	0.6666666666666666	0	105	141
0	#	#	#	1	0	0	0.03180210647480759	0.5017543859649123	1	0	3985	1726	0.5	0	143	285
#	1	#	1	0	#	0	0.001047299224432138	0.2535211267605634	3	0	3974	1727	0.5	0	72	284
0	#	1	#	1	0	1	0.23178621541003852	0.7464788732394366	2	0	3978	1730	0.6666666666666666	0	106	142
1	0	0	1	1	#	1	1.0	1.0	8	0	3991	1731	0.8333333333333334	0	71	71
#	1	0	1	1	1	1	1.0	1.0	7	0	3995	1735	0.8333333333333334	0	71	71
1	#	1	1	#	#	0	0.032365959554855085	0.5035211267605634	1	0	3999	1736	0.5	0	143	284
0	1	#	#	0	#	1	0.03180603586251066	0.5017667844522968	2	0	3998	1736	0.5	0	142	283
0	1	1	1	#	1	1	1.0	1.0	14	0	3980	1737	0.8333333333333334	0	71	71
1	#	1	1	0	1	0	0.03351357518182842	0.5070422535211268	1	0	3999	1739	0.8333333333333334	0	36	71
1	#	#	#	#	0	1	0.0009341098234206952	0.24778761061946902	1	0	3947	1740	0.3333333333333333	0	140	565
#	#	#	#	1	0	0	0.03181002158128543	0.501779359430605	2	0	3986	1744	0.3333333333333333	0	282	562
0	#	1	1	0	1	0	0.0	0.0	1	0	1746	1746	0.8333333333333334	0	0	70
#	#	1	#	0	0	1	0.007156504583289226	0.3723404255319149	3	0	3979	1747	0.5	0	105	282
0	1	1	1	1	1	1	1.0	1.0	7	0	3959	1749	1.0	0	35	35
#	0	#	#	#	0	1	0.030693964388101038	0.4982078853046595	2	0	3979	1762	0.3333333333333333	0	278	558
1	1	0	#	#	1	1	1.0	1.0	2	0	3996	1762	0.6666666666666666	0	140	140
1	0	0	1	1	#	0	0.0	0.0	1	0	1763	1763	0.8333333333333334	0	0	70
#	1	#	1	#	0	0	0.03181406485117637	0.5017921146953405	2	0	3986	1766	0.5	0	140	279
1	1	1	#	1	#	0	0.03239039161017185	0.5035971223021583	4	0	3986	1768	0.6666666666666666	0	70	139
#	0	0	1	#	0	0	0.2373046875	0.75	4	0	3966	1770	0.6666666666666666	0	105	140
1	1	0	1	#	#	0	0.0335810884056647	0.5072463768115942	2	0	3970	1776	0.6666666666666666	0	70	138
#	#	0	1	#	0	1	0.007108652394367423	0.37184115523465705	1	0	3968	1776	0.5	0	103	277
1	#	1	0	#	1	1	0.2373046875	0.75	5	0	3997	1777	0.6666666666666666	0	105	140
1	0	1	1	1	#	1	1.0	1.0	3	0	3988	1780	0.8333333333333334	0	69	69
0	#	1	0	0	#	0	0.03014195744909584	0.49640287769784175	4	0	3982	1784	0.6666666666666666	0	69	139
0	1	1	1	#	0	1	1.0	1.0	5	0	3957	1787	0.8333333333333334	0	68	68
0	1	0	1	0	#	0	0.0	0.0	1	0	1789	1789	0.8333333333333334	0	0	69
#	1	1	#	1	1	1	0.2373046875	0.75	4	0	3959	1790	0.6666666666666666	0	102	136
#	1	0	1	1	#	0	0.0009078187600957098	0.2463768115942029	2	0	3965	1791	0.6666666666666666	0	34	138
#	1	#	1	#	#	1	0.23515130168221252	0.7486338797814208	3	0	3998	1797	0.3333333333333333	0	411	549
1	#	0	1	0	0	1	0.0	0.0	2	0	1805	1805	0.8333333333333334	0	0	68
0	1	#	1	1	#	1	1.0	1.0	7	0	3995	1818	0.6666666666666666	0	137	137
0	#	1	1	0	0	1	1.0	1.0	4	0	3969	1824	0.8333333333333334	0	68	68
1	1	1	0	1	#	0	0.03125	0.5	2	0	3975	1829	0.8333333333333334	0	34	68
#	0	#	#	0	1	1	0.0009947137222675597	0.25092250922509224	1	0	3983	1835	0.5	0	68	271
1	1	#	1	0	#	0	0.03365275096687763	0.5074626865671642	2	0	3974	1837	0.6666666666666666	0	68	134
1	0	1	1	0	0	0	1.0	1.0	12	0	3984	1845	1.0	0	34	34
#	#	0	#	#	1	1	0.03125	0.5	2	0	3998	1858	0.3333333333333333	0	268	536
0	#	1	#	#	0	1	0.23582707885020218	0.7490636704119851	4	0	3979	1864	0.5	0	200	267
1	1	#	#	0	1	1	1.0	1.0	7	0	3996	1875	0.6666666666666666	0	134	134
1	1	0	1	#	1	1	1.0	1.0	7	0	3951	1876	0.8333333333333334	0	66	66
#	0	1	1	#	1	1	0.2285166075749525	0.7443609022556391	3	0	3990	1878	0.6666666666666666	0	99	133
0	#	#	1	1	#	0	0.0009582753306239003	0.2490566037735849	1	0	3960	1879	0.5	0	66	265
1	0	#	0	#	0	1	0.03125	0.5	2	0	3937	1882	0.6666666666666666	0	66	132
1	1	#	1	0	1	0	0.0	0.0	1	0	1885	1885	0.8333333333333334	0	0	66
#	1	1	0	#	1	0	0.03125	0.5	2	0	3982	1886	0.6666666666666666	0	66	132
0	0	1	0	1	0	1	1.0	1.0	6	0	3978	1889	1.0	0	33	33
#	1	1	0	0	1	0	0.03125	0.5	1	0	3982	1892	0.8333333333333334	0	33	66
0	#	0	#	1	0	1	0.0009765625	0.25	2	0	3968	1897	0.6666666666666666	0	33	132
#	1	1	0	1	0	1	0.0	0.0	1	0	1904	1904	0.8333333333333334	0	0	66
0	0	1	0	1	1	1	1.0	1.0	3	0	3987	1918	1.0	0	33	33
1	#	#	1	#	0	0	0.24345215148144456	0.7538461538461538	6	0	3986	1920	0.5	0	196	260
1	1	1	1	#	0	1	0.0	0.0	2	0	1926	1926	0.8333333333333334	0	0	65
#	0	1	1	1	#	1	1.0	1.0	5	0	3990	1928	0.6666666666666666	0	130	130
0	1	1	1	1	#	1	1.0	1.0	6	0	3959	1930	0.8333333333333334	0	64	64
1	0	0	0	#	1	0	0.03125	0.5	2	0	3977	1931	0.8333333333333334	0	32	64
0	1	#	#	#	0	1	0.03005739359980063	0.49612403100775193	2	0	3968	1931	0.5	0	128	258
0	1	#	#	#	#	0	0.0309477779010002	0.49902912621359224	2	0	3985	1934	0.3333333333333333	0	257	515
1	1	#	0	#	0	1	0.0	0.0	3	0	1934	1934	0.6666666666666666	0	0	129
1	#	0	0	0	1	1	0.03372895734635449	0.5076923076923077	2	0	3996	1937	0.8333333333333334	0	33	65
1	0	1	0	1	0	1	1.0	1.0	4	0	3936	1939	1.0	0	32	32
0	1	0	#	1	#	1	0.03248016536774456	0.5038759689922481	4	0	3995	1941	0.6666666666666666	0	65	129
#	0	1	#	#	#	0	0.000995710201101084	0.2509727626459144	2	0	3999	1943	0.3333333333333333	0	129	514
1	#	1	1	0	1	1	0.028918989154118183	0.49230769230769234	3	0	3941	1948	0.8333333333333334	0	32	65
0	0	1	1	0	0	0	0.0	0.0	1	0	1957	1957	1.0	0	0	32
#	#	1	0	#	#	0	0.03155697210161037	0.5009784735812133	2	0	3992	1960	0.3333333333333333	0	256	511
1	0	1	1	#	0	1	0.02884733658986194	0.49206349206349204	4	0	3939	1962	0.8333333333333334	0	31	63
#	1	1	0	#	1	1	0.032499843160313506	0.5039370078740157	1	0	3993	1964	0.6666666666666666	0	64	127
#	0	1	#	1	1	1	1.0	1.0	5	0	3997	1974	0.6666666666666666	0	128	128
1	1	#	#	#	#	1	0.030034196871882593	0.49604743083003955	2	0	3996	1975	0.3333333333333333	0	251	506
1	#	1	1	0	#	0	0.2467956839986307	0.7559055118110236	4	0	3999	1976	0.6666666666666666	0	96	127
0	0	#	0	0	0	0	0.02884733658986194	0.49206349206349204	5	0	3946	1983	0.8333333333333334	0	31	63
#	0	#	0	#	#	1	0.03156063373953459	0.500990099009901	2	0	3997	1988	0.3333333333333333	0	253	505
1	0	1	1	#	#	0	0.032499843160313506	0.5039370078740157	3	0	3999	1994	0.6666666666666666	0	64	127
#	0	1	#	#	0	1	0.22796316485222398	0.744	6	0	3979	1995	0.5	0	186	250
1	0	#	1	1	0	1	1.0	1.0	4	0	3947	1995	0.8333333333333334	0	62	62
1	#	1	0	0	#	0	0.2342067575938101	0.7480314960629921	3	0	3992	2000	0.6666666666666666	0	95	127
1	0	1	1	0	1	1	0.0	0.0	1	0	2002	2002	1.0	0	0	32
0	0	1	#	#	1	1	1.0	1.0	9	0	3990	2003	0.6666666666666666	0	125	125
1	1	0	#	0	1	1	1.0	1.0	7	0	3996	2004	0.8333333333333334	0	63	63
#	0	0	1	#	1	1	0.001099511627776	0.256	1	0	3991	2006	0.6666666666666666	0	32	125
1	#	#	1	1	0	0	0.03125	0.5	1	0	3986	2006	0.6666666666666666	0	62	124
#	#	0	1	#	1	1	0.097678328378368	0.628	5	0	3998	2007	0.5	0	157	250
1	#	#	0	0	1	1	0.03125	0.5	3	0	3996	2013	0.6666666666666666	0	62	124
0	0	1	#	#	0	1	1.0	1.0	6	0	3979	2018	0.6666666666666666	0	124	124
0	1	#	#	0	0	1	0.030000163240177628	0.4959349593495935	2	0	3957	2022	0.6666666666666666	0	61	123
1	1	0	1	1	#	0	0.03125	0.5	4	0	3965	2022	0.8333333333333334	0	31	62
1	1	1	#	#	0	1	0.0	0.0	1	0	2026	2026	0.6666666666666666	0	0	124
1	1	0	1	1	1	1	1.0	1.0	7	0	3951	2028	1.0	0	31	31
1	#	#	#	1	#	1	0.2348881629707487	0.7484662576687117	1	0	3997	2029	0.3333333333333333	0	366	489
#	#	1	1	0	#	1	0.09421473651266432	0.6234817813765182	2	0	3980	2030	0.5	0	154	247
#	0	1	0	0	1	1	0.03125	0.5	1	0	3983	2034	0.8333333333333334	0	31	62
0	#	1	#	1	1	1	0.24710935412080362	0.7560975609756098	1	0	3990	2038	0.6666666666666666	0	93	123
1	#	0	0	1	0	1	0.03125	0.5	2	0	3937	2040	0.8333333333333334	0	30	60
1	0	1	0	#	0	1	0.028771141871245298	0.4918032786885246	5	0	3936	2053	0.8333333333333334	0	30	61
1	#	1	#	#	0	0	0.2438596708938226	0.7540983606557377	3	0	3992	2055	0.5	0	184	244
0	#	1	1	1	#	1	1.0	1.0	8	0	3990	2058	0.6666666666666666	0	121	121
1	0	1	#	#	1	1	0.03254114951385067	0.5040650406504065	3	0	3997	2058	0.6666666666666666	0	62	123
1	0	1	1	1	0	0	0.0	0.0	2	0	2064	2064	1.0	0	0	30
1	#	#	1	0	1	1	0.029979846186040392	0.49586776859504134	3	0	3945	2067	0.6666666666666666	0	60	121
1	1	0	0	1	1	0	0.0	0.0	2	0	2067	2067	1.0	0	0	30
0	0	1	0	#	0	1	1.0	1.0	3	0	3979	2068	0.8333333333333334	0	60	60
1	#	#	1	0	1	0	0.032562843612755486	0.5041322314049587	1	0	3999	2070	0.6666666666666666	0	61	121
1	#	0	1	0	1	1	0.03125	0.5	2	0	3945	2083	0.8333333333333334	0	30	60
#	#	1	0	1	1	1	0.2373046875	0.75	3	0	3997	2084	0.6666666666666666	0	90	120
1	0	1	1	#	0	0	0.03398961265408045	0.5084745762711864	1	0	3984	2086	0.8333333333333334	0	30	59
#	#	#	1	1	1	1	0.512908935546875	0.875	6	0	3995	2087	0.5	0	210	240
0	0	1	1	1	#	1	1.0	1.0	10	0	3990	2088	0.8333333333333334	0	59	59
1	1	#	1	1	0	1	0.0	0.0	1	0	2091	2091	0.8333333333333334	0	0	60
#	#	#	1	0	1	0	0.007468068678192368	0.3755274261603376	1	0	3999	2094	0.5	0	89	237
1	#	0	1	#	1	1	0.24070441269615173	0.7521367521367521	3	0	3991	2105	0.6666666666666666	0	88	117
#	0	1	1	1	1	1	1.0	1.0	4	0	3990	2108	0.8333333333333334	0	60	60
1	0	0	1	1	0	1	1.0	1.0	5	0	3947	2109	1.0	0	29	29
#	#	1	1	#	0	0	0.00823897596340521	0.3829787234042553	1	0	3986	2117	0.5	0	90	235
0	#	0	1	1	0	0	0.03125	0.5	2	0	3952	2122	0.8333333333333334	0	29	58
0	#	1	0	1	0	1	0.03125	0.5	2	0	3978	2126	0.8333333333333334	0	29	58
0	#	1	#	1	#	1	0.24070441269615173	0.7521367521367521	2	0	3990	2128	0.5	0	176	234
0	0	1	0	#	1	1	1.0	1.0	8	0	3987	2129	0.8333333333333334	0	59	59
1	#	0	#	#	1	1	0.2373046875	0.75	2	0	3996	2145	0.5	0	174	232
#	0	#	1	#	0	1	0.030579424113337098	0.49783549783549785	2	0	3969	2150	0.5	0	115	231
#	#	0	0	1	#	0	0.09958658297887482	0.6304347826086957	4	0	3985	2152	0.5	0	145	230
1	1	#	1	#	0	1	0.0	0.0	1	0	2152	2152	0.6666666666666666	0	0	116
#	0	1	1	#	0	0	0.001065284806061517	0.2543859649122807	1	0	3984	2154	0.6666666666666666	0	29	114
#	0	0	0	1	0	1	0.028603282692162904	0.49122807017543857	3	0	3937	2169	0.8333333333333334	0	28	57
0	#	1	#	#	#	0	0.0009659246658082488	0.24945295404814005	1	0	3982	2175	0.3333333333333333	0	114	457
0	1	#	0	1	0	1	0.0	0.0	1	0	2175	2175	0.8333333333333334	0	0	58
#	#	1	#	#	#	0	0.007524825074417615	0.37609649122807015	2	0	3999	2184	0.16666666666666666	0	343	912
0	#	1	0	1	1	1	0.03125	0.5	4	0	3987	2198	0.8333333333333334	0	28	56
#	#	1	1	0	0	0	0.03125	0.5	1	0	3984	2199	0.6666666666666666	0	56	112
#	1	#	0	1	1	1	0.03125	0.5	2	0	3964	2201	0.6666666666666666	0	56	112
1	0	1	1	#	1	0	0.03125	0.5	1	0	3999	2208	0.8333333333333334	0	28	56
#	#	0	#	0	#	1	0.0009765625	0.25	2	0	3998	2211	0.3333333333333333	0	112	448
#	#	1	0	0	#	1	0.007415771484375	0.375	1	0	3993	2215	0.5	0	84	224
#	#	#	1	#	0	1	0.02986747807348717	0.4954954954954955	1	0	3969	2221	0.3333333333333333	0	220	444
1	0	#	0	0	#	0	1.0	1.0	4	0	3994	2222	0.6666666666666666	0	112	112
#	1	#	1	1	0	1	0.03125	0.5	1	0	3968	2223	0.6666666666666666	0	56	112
#	0	0	1	1	0	1	0.03125	0.5	2	0	3947	2224	0.8333333333333334	0	27	54
1	0	#	1	#	0	1	0.028510535420456874	0.4909090909090909	2	0	3947	2236	0.6666666666666666	0	54	110
#	0	1	#	0	1	1	0.03125	0.5	1	0	3983	2249	0.6666666666666666	0	55	110
#	1	0	#	1	#	1	0.03125	0.5	1	0	3995	2252	0.5	0	109	218
1	1	0	#	0	#	1	0.03271003115460463	0.5045871559633027	2	0	3996	2255	0.6666666666666666	0	55	109
0	0	1	#	1	1	1	1.0	1.0	6	0	3990	2256	0.8333333333333334	0	56	56
1	#	#	1	#	#	0	0.03089245227868702	0.49885057471264366	2	0	3999	2259	0.3333333333333333	0	217	435
#	#	0	1	1	1	1	0.2445834327635345	0.7545454545454545	1	0	3995	2260	0.6666666666666666	0	83	110
0	0	#	1	#	0	1	0.03125	0.5	1	0	3969	2266	0.6666666666666666	0	54	108
#	#	0	1	1	#	1	0.095367431640625	0.625	2	0	3995	2271	0.5	0	135	216
1	1	1	1	#	#	0	0.032737831621428674	0.5046728971962616	1	0	3986	2278	0.6666666666666666	0	54	107
#	1	#	1	0	#	1	0.23178621541003852	0.7464788732394366	4	0	3998	2287	0.5	0	159	213
0	0	1	#	#	0	0	0.0	0.0	1	0	2287	2287	0.6666666666666666	0	0	107
#	1	0	#	0	1	1	0.23363131129320844	0.7476635514018691	4	0	3998	2288	0.6666666666666666	0	80	107
0	0	#	1	#	#	0	0.03125	0.5	1	0	3973	2288	0.5	0	107	214
#	0	1	0	1	0	1	1.0	1.0	3	0	3978	2295	0.8333333333333334	0	53	53
0	1	#	#	1	#	0	0.03199048845210091	0.5023474178403756	2	0	3985	2295	0.5	0	107	213
1	1	1	1	1	0	0	1.0	1.0	2	0	3986	2300	1.0	0	27	27
#	0	1	0	0	1	0	0.028411057026862793	0.49056603773584906	1	0	3955	2301	0.8333333333333334	0	26	53
1	0	#	#	#	#	1	0.030882357036043084	0.4988179669030733	3	0	3997	2313	0.3333333333333333	0	211	423
1	0	1	#	0	0	1	0.0	0.0	1	0	2315	2315	0.8333333333333334	0	0	54
#	1	1	1	1	0	0	0.03125	0.5	1	0	3986	2322	0.8333333333333334	0	26	52
0	#	1	#	0	0	1	0.2373046875	0.75	1	0	3979	2329	0.6666666666666666	0	78	104
1	1	0	#	1	#	1	0.03125	0.5	2	0	3964	2332	0.6666666666666666	0	52	104
1	1	1	0	#	#	0	0.03125	0.5	3	0	3992	2337	0.6666666666666666	0	52	104
0	#	0	1	1	1	1	0.03125	0.5	1	0	3995	2340	0.8333333333333334	0	26	52
0	0	1	#	0	#	1	1.0	1.0	6	0	3983	2359	0.6666666666666666	0	103	103
0	0	1	0	0	0	0	0.0	0.0	1	0	2366	2366	1.0	0	0	26
#	#	#	0	#	#	1	0.007446039899154356	0.3753056234718826	2	0	3997	2368	0.16666666666666666	0	307	818
#	#	0	1	#	1	0	0.007176573287964945	0.37254901960784315	1	0	3973	2369	0.5	0	76	204
1	1	0	0	#	1	1	1.0	1.0	7	0	3996	2371	0.8333333333333334	0	51	51
#	0	1	0	#	#	0	0.0009529751482184368	0.24878048780487805	1	0	3989	2378	0.5	0	51	205
0	1	0	0	#	0	1	0.0	0.0	2	0	2385	2385	0.8333333333333334	0	0	50
1	1	0	1	#	1	0	0.0	0.0	3	0	2389	2389	0.8333333333333334	0	0	50
1	#	0	#	0	1	1	0.03282796876844061	0.504950495049505	1	0	3996	2389	0.6666666666666666	0	51	101
0	1	0	1	0	0	1	1.0	1.0	5	0	3940	2391	1.0	0	25	25
#	1	1	0	0	0	1	0.0	0.0	1	0	2409	2409	0.8333333333333334	0	0	50
#	0	#	#	1	#	0	0.0010144092976353194	0.25190839694656486	1	0	3976	2418	0.3333333333333333	0	99	393
0	#	0	0	0	0	1	0.0	0.0	1	0	2419	2419	0.8333333333333334	0	0	49
#	1	1	1	1	1	1	1.0	1.0	3	0	3959	2433	0.8333333333333334	0	48	48
0	0	#	0	#	#	1	0.0328604910254172	0.5050505050505051	2	0	3987	2433	0.5	0	100	198
#	1	#	#	1	1	1	0.23936104164300337	0.7512953367875648	1	0	3995	2438	0.5	0	145	193
1	0	0	1	#	0	1	0.03125	0.5	3	0	3947	2445	0.8333333333333334	0	24	48
#	1	1	#	0	#	0	0.03125	0.5	1	0	3992	2465	0.5	0	96	192
#	#	1	#	1	#	1	0.23524118101521485	0.7486910994764397	3	0	3997	2467	0.3333333333333333	0	286	382
#	0	0	1	1	#	1	0.03125	0.5	3	0	3991	2469	0.6666666666666666	0	48	96
#	1	#	0	0	1	1	0.03125	0.5	2	0	3996	2476	0.6666666666666666	0	48	96
#	#	0	1	1	1	0	0.0008770006436198542	0.24468085106382978	1	0	3960	2493	0.6666666666666666	0	23	94
#	0	#	#	0	#	1	0.0010160410986291397	0.2519893899204244	1	0	3983	2496	0.3333333333333333	0	95	377
0	#	1	1	1	1	0	0.0	0.0	1	0	2506	2506	0.8333333333333334	0	0	47
1	#	1	1	1	1	1	1.0	1.0	5	0	3988	2511	0.8333333333333334	0	47	47
0	1	0	0	1	1	1	0.0	0.0	1	0	2518	2518	1.0	0	0	23
#	0	1	0	#	1	0	0.0009765625	0.25	1	0	3955	2534	0.6666666666666666	0	23	92
0	1	0	1	1	#	0	0.0	0.0	1	0	2535	2535	0.8333333333333334	0	0	46
1	1	1	0	#	0	1	0.0	0.0	1	0	2536	2536	0.8333333333333334	0	0	46
0	#	0	1	#	1	1	0.03125	0.5	5	0	3998	2540	0.6666666666666666	0	46	92
#	1	0	1	1	0	0	0.03125	0.5	1	0	3965	2556	0.8333333333333334	0	23	46
1	#	0	1	1	#	0	0.0009229185410844646	0.24719101123595505	1	0	3965	2557	0.6666666666666666	0	22	89
0	#	0	1	1	0	1	0.03125	0.5	1	0	3968	2567	0.8333333333333334	0	22	44
1	0	#	0	#	1	0	0.029533393314702866	0.4943820224719101	2	0	3977	2570	0.6666666666666666	0	44	89
0	#	0	1	0	0	1	0.03125	0.5	3	0	3940	2572	0.8333333333333334	0	22	44
#	#	1	1	1	0	1	0.2373046875	0.75	3	0	3956	2586	0.6666666666666666	0	66	88
0	1	#	1	1	1	0	0.0	0.0	1	0	2589	2589	0.8333333333333334	0	0	44
1	0	0	#	#	#	1	0.03125	0.5	2	0	3991	2591	0.5	0	88	176
1	0	#	0	0	1	1	0.0	0.0	1	0	2594	2594	0.8333333333333334	0	0	44
#	0	#	#	1	0	0	0.001127931772709717	0.2573099415204678	1	0	3976	2603	0.5	0	44	171
#	1	0	1	#	#	0	0.0010642235540975387	0.2543352601156069	1	0	3970	2607	0.5	0	44	173
0	1	1	#	1	0	1	0.03125	0.5	2	0	3956	2607	0.8333333333333334	0	22	44
0	1	1	1	1	0	1	1.0	1.0	5	0	3956	2616	1.0	0	21	21
0	1	1	#	1	#	0	0.03313199974363615	0.5058823529411764	1	0	3981	2624	0.6666666666666666	0	43	85
#	0	#	1	0	#	1	0.0009765625	0.25	1	0	3969	2624	0.5	0	43	172
#	0	#	1	1	#	1	0.24432505180968345	0.7543859649122807	1	0	3991	2629	0.5	0	129	171
#	1	1	1	0	0	0	0.03125	0.5	5	0	3974	2636	0.8333333333333334	0	21	42
0	1	#	0	#	#	1	0.0	0.0	1	0	2638	2638	0.5	0	0	169
0	#	0	#	0	#	1	0.0009191340251042948	0.2469879518072289	1	0	3998	2668	0.5	0	41	166
0	1	1	#	1	#	1	0.03317844212454346	0.5060240963855421	4	0	3959	2674	0.6666666666666666	0	42	83
0	#	#	#	1	#	0	0.03125	0.5	1	0	3985	2677	0.3333333333333333	0	166	332
0	1	1	0	#	1	1	0.0	0.0	1	0	2683	2683	0.8333333333333334	0	0	41
0	#	0	1	1	#	0	0.0276204464877974	0.4878048780487805	1	0	3960	2686	0.6666666666666666	0	40	82
0	1	0	#	0	0	0	0.03125	0.5	3	0	3961	2693	0.8333333333333334	0	20	40
1	#	#	1	1	#	1	0.2348881629707487	0.7484662576687117	3	0	3991	2697	0.5	0	122	163
0	0	#	1	1	1	1	0.03525146660039371	0.5121951219512195	3	0	3990	2701	0.8333333333333334	0	21	41
0	0	#	#	0	1	1	0.03322723394276193	0.5061728395061729	2	0	3983	2702	0.6666666666666666	0	41	81
1	1	0	0	#	#	1	0.03322723394276193	0.5061728395061729	2	0	3996	2708	0.6666666666666666	0	41	81
0	0	1	#	1	#	0	0.0	0.0	1	0	2715	2715	0.6666666666666666	0	0	80
1	#	1	1	1	#	1	0.2373046875	0.75	3	0	3988	2715	0.6666666666666666	0	60	80
#	1	1	0	0	#	1	0.001039954939090475	0.25316455696202533	2	0	3993	2752	0.6666666666666666	0	20	79
1	1	#	1	#	1	1	1.0	1.0	2	0	3951	2752	0.6666666666666666	0	76	76
#	0	1	0	0	0	0	0.03125	0.5	1	0	3989	2760	0.8333333333333334	0	20	40
0	#	0	1	1	#	1	0.03333261677576752	0.5064935064935064	2	0	3995	2768	0.6666666666666666	0	39	77
1	#	#	0	#	1	1	0.23990099414539548	0.7516339869281046	2	0	3997	2780	0.5	0	115	153
0	#	1	#	0	0	0	0.0009765625	0.25	1	0	3954	2783	0.6666666666666666	0	19	76
1	#	#	0	0	#	1	0.0009765625	0.25	1	0	3996	2788	0.5	0	38	152
1	0	0	#	#	0	1	0.029221486406584365	0.49333333333333335	2	0	3947	2790	0.6666666666666666	0	37	75
0	#	#	1	1	0	1	0.23207791712921816	0.7466666666666667	1	0	3968	2796	0.6666666666666666	0	56	75
0	1	1	#	0	0	1	0.03125	0.5	3	0	3957	2801	0.8333333333333334	0	19	38
1	0	#	1	#	#	0	0.03231282844749583	0.5033557046979866	2	0	3999	2804	0.5	0	75	149
1	1	#	#	#	1	1	1.0	1.0	2	0	3996	2809	0.5	0	147	147
0	#	0	#	#	0	1	0.0009433492155900188	0.2482758620689655	1	0	3968	2830	0.5	0	36	145
#	0	1	#	0	0	1	0.029167432617460975	0.4931506849315068	1	0	3979	2834	0.6666666666666666	0	36	73
#	#	#	1	#	#	0	0.007458637101249323	0.3754325259515571	1	0	3999	2844	0.16666666666666666	0	217	578
#	#	#	0	#	0	1	0.0009765625	0.25	1	0	3979	2846	0.3333333333333333	0	72	288
0	0	#	0	#	1	1	0.03125	0.5	2	0	3987	2855	0.6666666666666666	0	36	72
#	1	0	#	0	#	1	0.029110420452305347	0.49295774647887325	3	0	3998	2857	0.5	0	70	142
1	1	1	#	0	1	0	0.0	0.0	1	0	2896	2896	0.8333333333333334	0	0	35
0	1	#	1	0	0	0	0.0	0.0	1	0	2897	2897	0.8333333333333334	0	0	34
1	0	1	#	1	0	0	0.0	0.0	2	0	2904	2904	0.8333333333333334	0	0	34
0	1	1	#	#	#	0	0.03125	0.5	1	0	3982	2918	0.5	0	68	136
#	0	0	0	1	1	0	0.036280637324889	0.5151515151515151	2	0	3971	2921	0.8333333333333334	0	17	33
0	1	1	#	0	0	0	0.03125	0.5	3	0	3954	2929	0.8333333333333334	0	17	34
#	1	0	0	1	1	1	0.03125	0.5	1	0	3964	2953	0.8333333333333334	0	16	32
1	1	1	#	1	0	1	0.0	0.0	2	0	2954	2954	0.8333333333333334	0	0	33
1	0	1	1	#	#	1	0.028986493767943825	0.4925373134328358	2	0	3988	2955	0.6666666666666666	0	33	67
1	#	#	1	#	#	1	0.030655910878788436	0.49808429118773945	1	0	3991	2959	0.3333333333333333	0	130	261
#	0	1	#	1	#	0	0.0	0.0	1	0	2973	2973	0.5	0	0	128
1	#	0	1	1	0	0	0.03125	0.5	1	0	3965	2980	0.8333333333333334	0	16	32
#	1	0	1	0	0	0	0.03662616470883121	0.5161290322580645	1	0	3970	2982	0.8333333333333334	0	16	31
1	0	0	0	0	#	1	0.0	0.0	1	0	2984	2984	0.8333333333333334	0	0	32
0	0	#	#	1	1	1	0.03125	0.5	3	0	3990	2986	0.6666666666666666	0	32	64
0	1	1	#	#	0	0	0.03389684629935409	0.5081967213114754	2	0	3981	2998	0.6666666666666666	0	31	61
1	0	0	1	#	1	1	0.03662616470883121	0.5161290322580645	2	0	3991	3008	0.8333333333333334	0	16	31
0	1	0	#	1	1	1	0.03662616470883121	0.5161290322580645	2	0	3995	3018	0.8333333333333334	0	16	31
1	0	1	0	#	#	0	0.03125	0.5	2	0	3989	3021	0.6666666666666666	0	31	62
#	1	1	#	1	#	1	0.03125	0.5	1	0	3959	3028	0.5	0	60	120
1	1	1	0	#	#	1	0.03125	0.5	1	0	3993	3039	0.6666666666666666	0	30	60
#	1	0	#	0	0	1	0.0007522810467517765	0.23728813559322035	1	0	3940	3061	0.6666666666666666	0	14	59
#	0	1	1	0	#	0	0.03398961265408045	0.5084745762711864	1	0	3999	3063	0.6666666666666666	0	30	59
1	0	0	0	0	1	1	0.0	0.0	1	0	3063	3063	1.0	0	0	15
#	#	1	1	#	#	0	0.001156954627456512	0.25862068965517243	1	0	3999	3072	0.3333333333333333	0	60	232
0	0	1	1	0	1	0	0.0	0.0	2	0	3073	3073	1.0	0	0	14
0	0	1	1	#	#	0	0.0	0.0	1	0	3078	3078	0.6666666666666666	0	0	57
0	0	#	#	#	1	1	0.03554437289622385	0.5130434782608696	1	0	3990	3085	0.5	0	59	115
1	1	#	#	0	0	1	0.0	0.0	1	0	3092	3092	0.6666666666666666	0	0	57
#	0	1	0	1	0	0	0.0	0.0	1	0	3094	3094	0.8333333333333334	0	0	28
0	0	1	0	0	0	1	1.0	1.0	1	0	3979	3096	1.0	0	14	14
0	0	1	1	#	0	1	1.0	1.0	3	0	3969	3104	0.8333333333333334	0	28	28
1	1	0	1	1	0	1	0.0	0.0	1	0	3117	3117	1.0	0	0	14
0	0	1	0	#	#	0	0.0	0.0	1	0	3133	3133	0.6666666666666666	0	0	56
1	#	1	1	#	1	1	0.22301350200402018	0.7407407407407407	2	0	3988	3144	0.6666666666666666	0	40	54
0	#	1	#	1	1	0	0.0008086264863240104	0.24074074074074073	1	0	3948	3144	0.6666666666666666	0	13	54
0	#	1	1	1	0	1	1.0	1.0	4	0	3956	3145	0.8333333333333334	0	26	26
1	0	1	1	#	1	1	0.02587604756236833	0.48148148148148145	1	0	3988	3156	0.8333333333333334	0	13	27
#	#	1	1	1	1	1	1.0	1.0	3	0	3990	3159	0.6666666666666666	0	52	52
1	1	1	0	#	1	0	0.0	0.0	1	0	3166	3166	0.8333333333333334	0	0	26
0	1	1	#	1	1	1	0.038020403200000004	0.52	3	0	3959	3188	0.8333333333333334	0	13	25
#	0	1	0	#	0	1	0.22965034521487823	0.7450980392156863	2	0	3979	3192	0.6666666666666666	0	38	51
#	#	1	0	1	1	0	0.0007962623999999999	0.24	1	0	3948	3203	0.6666666666666666	0	12	50
#	#	0	0	1	0	1	0.0008808984181123776	0.24489795918367346	2	0	3937	3211	0.6666666666666666	0	12	49
1	0	0	#	1	1	0	0.0	0.0	1	0	3255	3255	0.8333333333333334	0	0	23
#	#	0	#	1	#	0	0.03125	0.5	1	0	3985	3268	0.3333333333333333	0	90	180
#	#	1	0	#	#	1	0.03304551584475798	0.5056179775280899	1	0	3997	3288	0.3333333333333333	0	90	178
#	0	1	0	0	0	1	0.03125	0.5	1	0	3979	3302	0.8333333333333334	0	11	22
0	#	1	0	0	#	1	0.03125	0.5	1	0	3983	3312	0.6666666666666666	0	22	44
#	1	0	1	0	0	1	0.02448519270213934	0.47619047619047616	1	0	3940	3320	0.8333333333333334	0	10	21
1	#	0	#	0	1	0	0.03125	0.5	1	0	3977	3322	0.6666666666666666	0	21	42
1	#	1	0	#	1	0	0.0007651622719418543	0.23809523809523808	1	0	3955	3327	0.6666666666666666	0	10	42
#	#	1	#	1	0	0	0.007415771484375	0.375	1	0	3986	3346	0.5	0	30	80
1	0	0	#	1	0	1	1.0	1.0	2	0	3947	3349	0.8333333333333334	0	20	20
#	0	1	1	0	1	0	0.03125	0.5	1	0	3999	3365	0.8333333333333334	0	10	20
1	#	1	1	1	0	0	0.040386107340619246	0.5263157894736842	1	0	3986	3371	0.8333333333333334	0	10	19
#	1	#	0	#	#	1	0.0009450631490324207	0.24836601307189543	1	0	3996	3388	0.3333333333333333	0	38	153
0	#	1	#	#	1	1	0.24248581709132566	0.7532467532467533	2	0	3990	3400	0.5	0	58	77
1	#	#	#	#	1	1	0.24262520879670776	0.7533333333333333	1	0	3997	3402	0.3333333333333333	0	113	150
0	0	0	#	#	#	1	0.0	0.0	2	0	3405	3405	0.5	0	0	72
1	#	1	#	1	0	0	0.0357074950308936	0.5135135135135135	2	0	3986	3407	0.6666666666666666	0	19	37
0	0	1	#	0	#	0	0.0	0.0	1	0	3422	3422	0.6666666666666666	0	0	36
1	1	#	1	1	#	1	0.03125	0.5	1	0	3951	3431	0.6666666666666666	0	18	36
1	#	#	#	#	1	0	0.0010121997378178703	0.2517985611510791	1	0	3999	3438	0.3333333333333333	0	35	139
0	0	#	0	0	1	1	0.04158799090330928	0.5294117647058824	2	0	3983	3444	0.8333333333333334	0	9	17
1	1	1	#	#	1	1	1.0	1.0	2	0	3993	3444	0.6666666666666666	0	34	34
#	1	1	0	1	1	0	0.03125	0.5	1	0	3948	3446	0.8333333333333334	0	8	16
#	#	0	1	#	#	0	0.027831934370136695	0.48854961832061067	1	0	3973	3476	0.3333333333333333	0	64	131
0	1	1	#	0	1	1	0.03125	0.5	2	0	3980	3494	0.8333333333333334	0	8	16
1	1	1	1	1	1	1	1.0	1.0	2	0	3944	3503	1.0	0	7	7
#	#	0	1	#	0	0	0.10682523578800285	0.639344262295082	2	0	3970	3504	0.5	0	39	61
1	0	#	#	1	1	0	0.0	0.0	1	0	3510	3510	0.6666666666666666	0	0	31
1	#	0	1	0	#	1	0.0006916460905349794	0.23333333333333334	1	0	3945	3511	0.6666666666666666	0	7	30
#	1	#	#	#	#	1	0.02994810132846361	0.4957627118644068	1	0	3998	3525	0.16666666666666666	0	117	236
0	1	0	#	0	#	1	0.037022548078608386	0.5172413793103449	1	0	3998	3528	0.6666666666666666	0	15	29
1	1	1	0	1	#	1	0.03125	0.5	1	0	3958	3530	0.8333333333333334	0	7	14
0	#	1	0	1	1	0	0.022132674897119342	0.4666666666666667	1	0	3948	3530	0.8333333333333334	0	7	15
0	#	1	0	#	0	1	0.03125	0.5	1	0	3979	3557	0.6666666666666666	0	14	28
0	1	#	1	1	0	1	1.0	1.0	2	0	3968	3564	0.8333333333333334	0	14	14
0	#	#	1	#	0	1	0.2535525376	0.76	2	0	3969	3583	0.5	0	38	50
1	#	#	1	1	1	0	0.0	0.0	1	0	3590	3590	0.6666666666666666	0	0	26
0	1	1	0	0	#	1	0.0	0.0	1	0	3594	3594	0.8333333333333334	0	0	13
1	0	#	1	1	0	0	0.0	0.0	1	0	3596	3596	0.8333333333333334	0	0	12
#	#	1	1	1	#	1	0.4779830563763579	0.8627450980392157	1	0	3990	3599	0.5	0	44	51
0	#	1	0	1	#	1	0.038020403200000004	0.52	1	0	3987	3600	0.6666666666666666	0	13	25
1	1	0	1	0	#	1	0.03125	0.5	2	0	3945	3610	0.8333333333333334	0	6	12
0	#	#	0	0	0	1	0.0009765625	0.25	1	0	3979	3611	0.6666666666666666	0	6	24
1	0	#	1	0	#	1	0.0	0.0	1	0	3618	3618	0.6666666666666666	0	0	24
0	0	0	0	1	1	1	0.0	0.0	1	0	3627	3627	1.0	0	0	6
0	0	0	#	#	1	1	0.0	0.0	1	0	3631	3631	0.6666666666666666	0	0	23
0	1	#	#	1	1	0	0.03125	0.5	1	0	3972	3642	0.6666666666666666	0	11	22
#	#	1	#	0	#	0	0.03300518693103458	0.5054945054945055	1	0	3999	3648	0.3333333333333333	0	46	91
1	#	0	0	0	1	0	0.03125	0.5	1	0	3977	3648	0.8333333333333334	0	6	12
0	0	#	#	1	#	1	0.03125	0.5	1	0	3990	3675	0.5	0	20	40
0	1	0	#	#	1	1	0.03125	0.5	2	0	3998	3680	0.6666666666666666	0	10	20
1	#	0	1	1	0	1	0.03125	0.5	1	0	3947	3690	0.8333333333333334	0	5	10
0	0	1	#	1	0	0	0.0	0.0	1	0	3706	3706	0.8333333333333334	0	0	9
1	1	#	1	#	#	1	0.02679354721185501	0.48484848484848486	2	0	3951	3727	0.5	0	16	33
#	#	1	#	1	1	1	0.5549289573066435	0.8888888888888888	1	0	3997	3729	0.5	0	32	36
#	#	#	0	0	1	1	0.008691560570552719	0.3870967741935484	1	0	3996	3759	0.5	0	12	31
#	#	0	1	#	#	1	0.026221056655577907	0.4827586206896552	2	0	3998	3766	0.3333333333333333	0	28	58
0	1	0	1	1	0	0	0.0	0.0	1	0	3771	3771	1.0	0	0	4
#	#	#	#	1	#	1	0.09188724617175979	0.6203703703703703	1	0	3997	3782	0.16666666666666666	0	67	108
0	1	1	1	1	#	0	0.0	0.0	1	0	3791	3791	0.8333333333333334	0	0	6
0	1	1	1	#	0	0	0.0	0.0	1	0	3804	3804	0.8333333333333334	0	0	6
#	0	1	1	1	1	0	0.0	0.0	2	0	3806	3806	0.8333333333333334	0	0	6
1	0	0	#	1	#	0	0.0	0.0	1	0	3807	3807	0.6666666666666666	0	0	12
#	#	1	0	0	1	1	0.03125	0.5	1	0	3993	3811	0.6666666666666666	0	6	12
#	0	#	1	1	1	0	0.00019869482337892967	0.18181818181818182	1	0	3960	3834	0.6666666666666666	0	2	11
1	1	0	#	0	1	0	0.0	0.0	2	0	3834	3834	0.8333333333333334	0	0	5
1	1	0	#	1	0	1	0.0	0.0	1	0	3838	3838	0.8333333333333334	0	0	4
0	0	1	0	1	1	0	0.0	0.0	1	0	3847	3847	1.0	0	0	3
#	1	1	1	#	0	1	0.01734152991583261	0.4444444444444444	1	0	3957	3851	0.6666666666666666	0	4	9
1	#	0	1	#	#	0	0.03125	0.5	1	0	3970	3865	0.5	0	8	16
0	0	1	0	0	#	1	1.0	1.0	1	0	3983	3879	0.8333333333333334	0	4	4
1	0	1	1	1	1	1	1.0	1.0	1	0	3988	3880	1.0	0	2	2
#	0	1	#	#	1	0	0.00045182066995894555	0.21428571428571427	1	0	3999	3899	0.5	0	3	14
0	#	#	#	1	1	1	0.04526613752481193	0.5384615384615384	1	0	3995	3900	0.5	0	7	13
0	#	1	0	0	0	0	0.004115226337448558	0.3333333333333333	1	0	3954	3908	0.8333333333333334	0	1	3
0	1	1	#	1	1	0	0.03125	0.5	1	0	3948	3909	0.8333333333333334	0	1	2
1	0	#	1	#	#	1	0.048282842081079885	0.5454545454545454	1	0	3991	3922	0.5	0	6	11
1	#	1	1	1	0	1	0.03125	0.5	1	0	3939	3932	0.8333333333333334	0	1	2
#	#	0	0	#	0	1	3.0517578125e-05	0.125	1	0	3937	3935	0.5	0	1	8
1	#	#	1	0	0	1	0.0	0.0	1	0	3938	3938	0.6666666666666666	0	0	4
0	#	#	1	1	#	1	0.401877572016461	0.8333333333333334	1	0	3995	3954	0.5	0	5	6
1	#	0	0	#	0	1	0.0	0.0	1	0	3962	3962	0.6666666666666666	0	0	2
0	#	#	1	0	#	0	0.004115226337448558	0.3333333333333333	1	0	3973	3970	0.5	0	1	3
1	#	1	#	0	1	1	0.03125	0.5	1	0	3993	3975	0.6666666666666666	0	1	2
1	1	1	1	1	0	1	0.0	0.0	1	0	3975	3975	1.0	0	0	1
0	#	#	1	0	0	1	0.1	1.0	1	0	3981	3981	0.6666666666666666	0	0	0
#	#	0	1	1	0	1	0.054701588721697704	0.8116197183098591	1	0	3986	3986	0.6666666666666666	0	0	0
