Performance Statistics:------------------------------------------------------------------------
Training Accuracy	Testing Accuracy	Training Coverage	Testing Coverage
1.0	NA	1.0	NA

Population Characterization:------------------------------------------------------------------------
MacroPopSize	MicroPopSize	Generality
210	1000	0.11

SpecificitySum:------------------------------------------------------------------------
A_0	A_1	R_0	R_1	R_2	R_3
516	564	442	412	438	425

AccuracySum:------------------------------------------------------------------------
A_0	A_1	R_0	R_1	R_2	R_3
447.6896103640818	484.36379189243485	361.2615604446076	343.3005195639394	360.34577842965	353.9127627399768

Run Time(in minutes):------------------------------------------------------------------------
Global Time	0.06352485418319702
Matching Time	0.03333266178766887
Deletion Time	0.0032675902048746744
Subsumption Time	0.005546116828918457
Selection Time	0.0014135003089904784
Evaluation Time	0.004181806246439616

CorrectTrackerSave:------------------------------------------------------------------------
1	1	1	1	1	1	1	1	1	1	1	1	1	1	1	1	1	1	1	1	1	1	1	1	1	1	1	1	1	1	1	1	1	1	1	1	1	1	1	1	1	1	1	1	1	1	1	1	1	1	1	1	1	1	1	1	1	1	1	1	1	1	1	1	1	1	1	1	1	1	1	1	1	1	1	1	1	1	1	1	1	1	1	1	1	1	1	1	1	1	1	1	1	1	1	1	1	1	1	1	